A,KATL,ATLANTA/HARTSFIELD-J,33.63670,-84.42786,1026,18000,0,12300,0
R,08L,95,9000,150,1,109.300,95,33.64953,-84.43903,1015,3.00,59,0,0
R,08R,95,10000,150,1,109.900,95,33.64679,-84.43836,1024,3.00,53,0,0
R,09L,95,12390,150,1,110.500,95,33.63471,-84.44797,1019,3.00,56,0,0
R,09R,95,9000,150,1,108.900,95,33.63181,-84.44797,1026,3.00,54,0,0
R,10,95,9000,150,1,111.550,95,33.62027,-84.44788,1000,3.00,58,0,0
R,26L,275,10000,150,1,108.700,275,33.64679,-84.40551,995,3.00,52,0,0
R,26R,275,9000,150,1,110.100,275,33.64954,-84.40945,990,3.00,58,0,0
R,27L,275,9000,150,1,108.500,275,33.63182,-84.41840,985,3.00,57,0,0
R,27R,275,12390,150,1,111.300,275,33.63470,-84.40891,978,3.00,56,0,0
R,28,275,9000,150,1,111.750,275,33.62028,-84.41832,998,3.00,55,0,0

SID,ATL6,08L,1
VA,0,95,2,1426,0,0,0,0,0,0,
VM,0.00000000,0.00000000,0,95,0,0,0,0,0,0,0,0,

SID,ATL6,08R,1
VA,0,95,2,1500,0,0,0,0,0,0,
VM,0.00000000,0.00000000,0,95,0,0,0,0,0,0,0,0,

SID,ATL6,09L,1
VA,0,95,2,1400,0,0,0,0,0,0,
VM,0.00000000,0.00000000,0,95,0,0,0,0,0,0,0,0,

SID,ATL6,09R,1
VA,0,95,2,1426,0,0,0,0,0,0,
VM,0.00000000,0.00000000,0,95,0,0,0,0,0,0,0,0,

SID,ATL6,10,1
VA,0,95,2,1426,0,0,0,0,0,0,
VM,0.00000000,0.00000000,0,95,0,0,0,0,0,0,0,0,

SID,ATL6,26L,1
VA,0,275,2,1426,0,0,0,0,0,0,
VM,0.00000000,0.00000000,0,275,0,0,0,0,0,0,0,0,

SID,ATL6,26R,1
VA,0,275,2,1426,0,0,0,0,0,0,
VM,0.00000000,0.00000000,0,275,0,0,0,0,0,0,0,0,

SID,ATL6,27L,1
VA,0,275,2,1527,0,0,0,0,0,0,
VM,0.00000000,0.00000000,0,275,0,0,0,0,0,0,0,0,

SID,ATL6,27R,1
VA,0,275,2,1527,0,0,0,0,0,0,
VM,0.00000000,0.00000000,0,275,0,0,0,0,0,0,0,0,

SID,ATL6,28,1
VA,0,275,2,1426,0,0,0,0,0,0,
VM,0.00000000,0.00000000,0,275,0,0,0,0,0,0,0,0,

SID,ATL6,EAONE,3
IF,ATL,33.62852222,-84.43507222, ,0.0,0.0,0,0,0,0,0,0,0,0,
TF,EAONE,33.87443889,-83.80009167,0, ,0.0,0.0,0,0.00,0,0,0,0,0,0,0,0,

SID,ATL6,EATWO,3
IF,ATL,33.62852222,-84.43507222, ,0.0,0.0,0,0,0,0,0,0,0,0,
TF,EATWO,33.61691667,-83.73664444,0, ,0.0,0.0,0,0.00,0,0,0,0,0,0,0,0,

SID,ATL6,NOONE,3
IF,ATL,33.62852222,-84.43507222, ,0.0,0.0,0,0,0,0,0,0,0,0,
TF,NOONE,34.20184167,-84.57418056,0, ,0.0,0.0,0,0.00,0,0,0,0,0,0,0,0,

SID,ATL6,NOTWO,3
IF,ATL,33.62852222,-84.43507222, ,0.0,0.0,0,0,0,0,0,0,0,0,
TF,NOTWO,34.20278611,-84.30168056,0, ,0.0,0.0,0,0.00,0,0,0,0,0,0,0,0,

SID,ATL6,SOONE,3
IF,ATL,33.62852222,-84.43507222, ,0.0,0.0,0,0,0,0,0,0,0,0,
TF,SOONE,33.07740000,-84.20520278,0, ,0.0,0.0,0,0.00,0,0,0,0,0,0,0,0,

SID,ATL6,SOTWO,3
IF,ATL,33.62852222,-84.43507222, ,0.0,0.0,0,0,0,0,0,0,0,0,
TF,SOTWO,33.04473333,-84.42312222,0, ,0.0,0.0,0,0.00,0,0,0,0,0,0,0,0,

SID,ATL6,WEONE,3
IF,ATL,33.62852222,-84.43507222, ,0.0,0.0,0,0,0,0,0,0,0,0,
TF,WEONE,33.52568889,-85.12224722,0, ,0.0,0.0,0,0.00,0,0,0,0,0,0,0,0,

SID,ATL6,WETWO,3
IF,ATL,33.62852222,-84.43507222, ,0.0,0.0,0,0,0,0,0,0,0,0,
TF,WETWO,33.72864444,-85.12386389,0, ,0.0,0.0,0,0.00,0,0,0,0,0,0,0,0,

SID,BRAVS7,08L,4
VA,0,95,2,1527,0,0,0,0,0,0,
DF,SKNNR,33.63364722,-84.34311667,0, ,0.0,0.0,0,0,0,0,0,0,0,0,1.0
TF,GRITZ,33.60214444,-84.27633611,0, ,0.0,0.0,0,0.00,0,0,0,0,0,0,0,0,1.0
TF,HYZMN,33.45698611,-84.27638889,0, ,0.0,0.0,0,0.00,0,0,0,1,250,0,0,0,1.0
TF,NOFOR,33.38848889,-84.27754722,0, ,0.0,0.0,0,0.00,0,0,0,0,0,0,0,0,1.0
TF,BRAVS,32.99855556,-84.17256111,0, ,0.0,0.0,0,0.00,0,0,0,0,0,0,0,0,1.0

SID,BRAVS7,08R,4
VA,0,95,2,1527,0,0,0,0,0,0,
DF,SKNNR,33.63364722,-84.34311667,0, ,0.0,0.0,0,0,0,0,0,0,0,0,1.0
TF,GRITZ,33.60214444,-84.27633611,0, ,0.0,0.0,0,0.00,0,0,0,0,0,0,0,0,1.0
TF,HYZMN,33.45698611,-84.27638889,0, ,0.0,0.0,0,0.00,0,0,0,1,250,0,0,0,1.0
TF,NOFOR,33.38848889,-84.27754722,0, ,0.0,0.0,0,0.00,0,0,0,0,0,0,0,0,1.0
TF,BRAVS,32.99855556,-84.17256111,0, ,0.0,0.0,0,0.00,0,0,0,0,0,0,0,0,1.0

SID,BRAVS7,09L,4
VI,0, ,0,95,0,0,0,0,0,0,0,0,
CF,GRITZ,33.60214444,-84.27633611,0,ATL,106.2,8.1,114,5.90,0,0,0,0,0,0,0,0,1.0
TF,HYZMN,33.45698611,-84.27638889,0, ,0.0,0.0,0,0.00,0,0,0,1,250,0,0,0,1.0
TF,NOFOR,33.38848889,-84.27754722,0, ,0.0,0.0,0,0.00,0,0,0,0,0,0,0,0,1.0
TF,BRAVS,32.99855556,-84.17256111,0, ,0.0,0.0,0,0.00,0,0,0,0,0,0,0,0,1.0

SID,BRAVS7,09R,4
VI,0, ,0,95,0,0,0,0,0,0,0,0,
CF,GRITZ,33.60214444,-84.27633611,0,ATL,106.2,8.1,111,6.30,0,0,0,0,0,0,0,0,1.0
TF,HYZMN,33.45698611,-84.27638889,0, ,0.0,0.0,0,0.00,0,0,0,1,250,0,0,0,1.0
TF,NOFOR,33.38848889,-84.27754722,0, ,0.0,0.0,0,0.00,0,0,0,0,0,0,0,0,1.0
TF,BRAVS,32.99855556,-84.17256111,0, ,0.0,0.0,0,0.00,0,0,0,0,0,0,0,0,1.0

SID,BRAVS7,10,4
VI,0, ,0,95,0,0,0,0,0,0,0,0,
CF,GRITZ,33.60214444,-84.27633611,0,ATL,106.2,8.1,105,6.10,0,0,0,0,0,0,0,0,1.0
TF,HYZMN,33.45698611,-84.27638889,0, ,0.0,0.0,0,0.00,0,0,0,1,250,0,0,0,1.0
TF,NOFOR,33.38848889,-84.27754722,0, ,0.0,0.0,0,0.00,0,0,0,0,0,0,0,0,1.0
TF,BRAVS,32.99855556,-84.17256111,0, ,0.0,0.0,0,0.00,0,0,0,0,0,0,0,0,1.0

SID,BRAVS7,26L,4
VI,0, ,0,275,0,0,0,0,0,0,0,0,
CF,SNUFY,33.67005000,-84.58322222,0,ATL,293.7,7.8,288,6.20,0,0,0,0,0,0,0,0,1.0
TF,SLAWW,33.63453611,-84.65760556,0, ,0.0,0.0,0,0.00,0,0,0,0,0,0,0,0,1.0
TF,RIGGZ,33.57675556,-84.69745833,0, ,0.0,0.0,0,0.00,0,0,0,0,0,0,0,0,1.0
TF,STYLZ,33.39211111,-84.68018333,0, ,0.0,0.0,0,0.00,0,0,0,1,250,0,0,0,1.0
TF,BRAVS,32.99855556,-84.17256111,0, ,0.0,0.0,0,0.00,0,0,0,0,0,0,0,0,1.0

SID,BRAVS7,26R,4
VI,0, ,0,275,0,0,0,0,0,0,0,0,
CF,SNUFY,33.67005000,-84.58322222,0,ATL,293.7,7.8,287,6.20,0,0,0,0,0,0,0,0,1.0
TF,SLAWW,33.63453611,-84.65760556,0, ,0.0,0.0,0,0.00,0,0,0,0,0,0,0,0,1.0
TF,RIGGZ,33.57675556,-84.69745833,0, ,0.0,0.0,0,0.00,0,0,0,0,0,0,0,0,1.0
TF,STYLZ,33.39211111,-84.68018333,0, ,0.0,0.0,0,0.00,0,0,0,1,250,0,0,0,1.0
TF,BRAVS,32.99855556,-84.17256111,0, ,0.0,0.0,0,0.00,0,0,0,0,0,0,0,0,1.0

SID,BRAVS7,27L,4
VA,0,275,2,1527,0,0,0,0,0,0,
DF,SLAWW,33.63453611,-84.65760556,0, ,0.0,0.0,0,0,0,0,0,0,0,0,1.0
TF,RIGGZ,33.57675556,-84.69745833,0, ,0.0,0.0,0,0.00,0,0,0,0,0,0,0,0,1.0
TF,STYLZ,33.39211111,-84.68018333,0, ,0.0,0.0,0,0.00,0,0,0,1,250,0,0,0,1.0
TF,BRAVS,32.99855556,-84.17256111,0, ,0.0,0.0,0,0.00,0,0,0,0,0,0,0,0,1.0

SID,BRAVS7,27R,4
VA,0,275,2,1527,0,0,0,0,0,0,
DF,SLAWW,33.63453611,-84.65760556,0, ,0.0,0.0,0,0,0,0,0,0,0,0,1.0
TF,RIGGZ,33.57675556,-84.69745833,0, ,0.0,0.0,0,0.00,0,0,0,0,0,0,0,0,1.0
TF,STYLZ,33.39211111,-84.68018333,0, ,0.0,0.0,0,0.00,0,0,0,1,250,0,0,0,1.0
TF,BRAVS,32.99855556,-84.17256111,0, ,0.0,0.0,0,0.00,0,0,0,0,0,0,0,0,1.0

SID,BRAVS7,28,4
VI,0, ,0,275,0,0,0,0,0,0,0,0,
CF,WLSON,33.57397500,-84.58462500,0,ATL,251.4,8.2,249,6.40,0,0,0,0,0,0,0,0,1.0
TF,ZALLE,33.45709167,-84.58449444,0, ,0.0,0.0,0,0.00,0,0,0,1,250,0,0,0,1.0
TF,BRAVS,32.99855556,-84.17256111,0, ,0.0,0.0,0,0.00,0,0,0,0,0,0,0,0,1.0

SID,BRAVS7,WALET,6
IF,BRAVS,32.99855556,-84.17256111, ,0.0,0.0,0,0,0,0,0,0,0,0,
TF,WALET,32.36550833,-83.91308333,0, ,0.0,0.0,0,0.00,0,0,0,0,0,0,0,0,1.0

SID,CADIT7,08L,4
VI,0, ,0,95,0,0,0,0,0,0,0,0,
CF,RONII,33.68486667,-84.17909167,0,ATL,80.1,13.2,83,10.60,0,0,0,0,0,0,0,0,1.0
TF,BEDRK,33.84811389,-84.18109722,0, ,0.0,0.0,0,0.00,0,0,0,0,0,0,0,0,1.0
TF,RBEKA,33.93580556,-84.27377222,0, ,0.0,0.0,0,0.00,0,0,0,1,250,0,0,0,1.0
TF,CADIT,34.28363056,-84.59423056,0, ,0.0,0.0,0,0.00,0,0,0,0,0,0,0,0,1.0

SID,CADIT7,08R,4
VI,0, ,0,95,0,0,0,0,0,0,0,0,
CF,RONII,33.68486667,-84.17909167,0,ATL,80.1,13.2,82,10.50,0,0,0,0,0,0,0,0,1.0
TF,BEDRK,33.84811389,-84.18109722,0, ,0.0,0.0,0,0.00,0,0,0,0,0,0,0,0,1.0
TF,RBEKA,33.93580556,-84.27377222,0, ,0.0,0.0,0,0.00,0,0,0,1,250,0,0,0,1.0
TF,CADIT,34.28363056,-84.59423056,0, ,0.0,0.0,0,0.00,0,0,0,0,0,0,0,0,1.0

SID,CADIT7,09L,4
VA,0,95,2,1527,0,0,0,0,0,0,
DF,PICKT,33.63373889,-84.23921944,0, ,0.0,0.0,0,0,0,0,0,0,0,0,1.0
TF,RONII,33.68486667,-84.17909167,0, ,0.0,0.0,0,0.00,0,0,0,0,0,0,0,0,1.0
TF,BEDRK,33.84811389,-84.18109722,0, ,0.0,0.0,0,0.00,0,0,0,0,0,0,0,0,1.0
TF,RBEKA,33.93580556,-84.27377222,0, ,0.0,0.0,0,0.00,0,0,0,1,250,0,0,0,1.0
TF,CADIT,34.28363056,-84.59423056,0, ,0.0,0.0,0,0.00,0,0,0,0,0,0,0,0,1.0

SID,CADIT7,09R,4
VA,0,95,2,1527,0,0,0,0,0,0,
DF,PICKT,33.63373889,-84.23921944,0, ,0.0,0.0,0,0,0,0,0,0,0,0,1.0
TF,RONII,33.68486667,-84.17909167,0, ,0.0,0.0,0,0.00,0,0,0,0,0,0,0,0,1.0
TF,BEDRK,33.84811389,-84.18109722,0, ,0.0,0.0,0,0.00,0,0,0,0,0,0,0,0,1.0
TF,RBEKA,33.93580556,-84.27377222,0, ,0.0,0.0,0,0.00,0,0,0,1,250,0,0,0,1.0
TF,CADIT,34.28363056,-84.59423056,0, ,0.0,0.0,0,0.00,0,0,0,0,0,0,0,0,1.0

SID,CADIT7,10,4
VA,0,95,2,1527,0,0,0,0,0,0,
DF,PICKT,33.63373889,-84.23921944,0, ,0.0,0.0,0,0,0,0,0,0,0,0,1.0
TF,RONII,33.68486667,-84.17909167,0, ,0.0,0.0,0,0.00,0,0,0,0,0,0,0,0,1.0
TF,BEDRK,33.84811389,-84.18109722,0, ,0.0,0.0,0,0.00,0,0,0,0,0,0,0,0,1.0
TF,RBEKA,33.93580556,-84.27377222,0, ,0.0,0.0,0,0.00,0,0,0,1,250,0,0,0,1.0
TF,CADIT,34.28363056,-84.59423056,0, ,0.0,0.0,0,0.00,0,0,0,0,0,0,0,0,1.0

SID,CADIT7,26L,4
VI,0, ,0,275,0,0,0,0,0,0,0,0,
CF,MPASS,33.69303889,-84.58203056,0,ATL,302.9,8.3,300,6.60,0,0,0,0,0,0,0,0,1.0
TF,ZELAN,33.81127778,-84.58069444,0, ,0.0,0.0,0,0.00,0,0,0,1,250,0,0,0,1.0
TF,TMPSN,33.89472500,-84.57954722,0, ,0.0,0.0,0,0.00,0,0,0,0,0,0,0,0,1.0
TF,CADIT,34.28363056,-84.59423056,0, ,0.0,0.0,0,0.00,0,0,0,0,0,0,0,0,1.0

SID,CADIT7,26R,4
VI,0, ,0,275,0,0,0,0,0,0,0,0,
CF,MPASS,33.69303889,-84.58203056,0,ATL,302.9,8.3,299,6.50,0,0,0,0,0,0,0,0,1.0
TF,ZELAN,33.81127778,-84.58069444,0, ,0.0,0.0,0,0.00,0,0,0,1,250,0,0,0,1.0
TF,TMPSN,33.89472500,-84.57954722,0, ,0.0,0.0,0,0.00,0,0,0,0,0,0,0,0,1.0
TF,CADIT,34.28363056,-84.59423056,0, ,0.0,0.0,0,0.00,0,0,0,0,0,0,0,0,1.0

SID,CADIT7,27L,4
VA,0,275,2,1527,0,0,0,0,0,0,
DF,CPARK,33.63468333,-84.51258611,0, ,0.0,0.0,0,0,0,0,0,0,0,0,1.0
TF,MPASS,33.69303889,-84.58203056,0, ,0.0,0.0,0,0.00,0,0,0,0,0,0,0,0,1.0
TF,ZELAN,33.81127778,-84.58069444,0, ,0.0,0.0,0,0.00,0,0,0,1,250,0,0,0,1.0
TF,TMPSN,33.89472500,-84.57954722,0, ,0.0,0.0,0,0.00,0,0,0,0,0,0,0,0,1.0
TF,CADIT,34.28363056,-84.59423056,0, ,0.0,0.0,0,0.00,0,0,0,0,0,0,0,0,1.0

SID,CADIT7,27R,4
VA,0,275,2,1527,0,0,0,0,0,0,
DF,CPARK,33.63468333,-84.51258611,0, ,0.0,0.0,0,0,0,0,0,0,0,0,1.0
TF,MPASS,33.69303889,-84.58203056,0, ,0.0,0.0,0,0.00,0,0,0,0,0,0,0,0,1.0
TF,ZELAN,33.81127778,-84.58069444,0, ,0.0,0.0,0,0.00,0,0,0,1,250,0,0,0,1.0
TF,TMPSN,33.89472500,-84.57954722,0, ,0.0,0.0,0,0.00,0,0,0,0,0,0,0,0,1.0
TF,CADIT,34.28363056,-84.59423056,0, ,0.0,0.0,0,0.00,0,0,0,0,0,0,0,0,1.0

SID,CADIT7,28,4
VA,0,275,2,1527,0,0,0,0,0,0,
DF,CPARK,33.63468333,-84.51258611,0, ,0.0,0.0,0,0,0,0,0,0,0,0,1.0
TF,MPASS,33.69303889,-84.58203056,0, ,0.0,0.0,0,0.00,0,0,0,0,0,0,0,0,1.0
TF,ZELAN,33.81127778,-84.58069444,0, ,0.0,0.0,0,0.00,0,0,0,1,250,0,0,0,1.0
TF,TMPSN,33.89472500,-84.57954722,0, ,0.0,0.0,0,0.00,0,0,0,0,0,0,0,0,1.0
TF,CADIT,34.28363056,-84.59423056,0, ,0.0,0.0,0,0.00,0,0,0,0,0,0,0,0,1.0

SID,CADIT7,RESPE,6
IF,CADIT,34.28363056,-84.59423056, ,0.0,0.0,0,0,0,0,0,0,0,0,
TF,RESPE,35.59182222,-84.92008611,0, ,0.0,0.0,0,0.00,0,0,0,0,0,0,0,0,1.0

SID,COKEM6,08L,4
VI,0, ,0,95,0,0,0,0,0,0,0,0,
CF,RONII,33.68486667,-84.17909167,0,ATL,80.1,13.2,83,10.70,0,0,0,0,0,0,0,0,1.0
TF,BEDRK,33.84811389,-84.18109722,0, ,0.0,0.0,0,0.00,0,0,0,0,0,0,0,0,1.0
TF,RBEKA,33.93580556,-84.27377222,0, ,0.0,0.0,0,0.00,0,0,0,1,250,0,0,0,1.0
TF,WIILL,34.02337778,-84.44088056,0, ,0.0,0.0,0,0.00,0,0,0,0,0,0,0,0,1.0
TF,COKEM,34.25538056,-84.71331111,0, ,0.0,0.0,0,0.00,0,0,0,0,0,0,0,0,1.0

SID,COKEM6,08R,4
VI,0, ,0,95,0,0,0,0,0,0,0,0,
CF,RONII,33.68486667,-84.17909167,0,ATL,80.1,13.2,82,10.50,0,0,0,0,0,0,0,0,1.0
TF,BEDRK,33.84811389,-84.18109722,0, ,0.0,0.0,0,0.00,0,0,0,0,0,0,0,0,1.0
TF,RBEKA,33.93580556,-84.27377222,0, ,0.0,0.0,0,0.00,0,0,0,1,250,0,0,0,1.0
TF,WIILL,34.02337778,-84.44088056,0, ,0.0,0.0,0,0.00,0,0,0,0,0,0,0,0,1.0
TF,COKEM,34.25538056,-84.71331111,0, ,0.0,0.0,0,0.00,0,0,0,0,0,0,0,0,1.0

SID,COKEM6,09L,4
VA,0,95,2,1527,0,0,0,0,0,0,
DF,PICKT,33.63373889,-84.23921944,0, ,0.0,0.0,0,0,0,0,0,0,0,0,1.0
TF,RONII,33.68486667,-84.17909167,0, ,0.0,0.0,0,0.00,0,0,0,0,0,0,0,0,1.0
TF,BEDRK,33.84811389,-84.18109722,0, ,0.0,0.0,0,0.00,0,0,0,0,0,0,0,0,1.0
TF,RBEKA,33.93580556,-84.27377222,0, ,0.0,0.0,0,0.00,0,0,0,1,250,0,0,0,1.0
TF,WIILL,34.02337778,-84.44088056,0, ,0.0,0.0,0,0.00,0,0,0,0,0,0,0,0,1.0
TF,COKEM,34.25538056,-84.71331111,0, ,0.0,0.0,0,0.00,0,0,0,0,0,0,0,0,1.0

SID,COKEM6,09R,4
VA,0,95,2,1527,0,0,0,0,0,0,
DF,PICKT,33.63373889,-84.23921944,0, ,0.0,0.0,0,0,0,0,0,0,0,0,1.0
TF,RONII,33.68486667,-84.17909167,0, ,0.0,0.0,0,0.00,0,0,0,0,0,0,0,0,1.0
TF,BEDRK,33.84811389,-84.18109722,0, ,0.0,0.0,0,0.00,0,0,0,0,0,0,0,0,1.0
TF,RBEKA,33.93580556,-84.27377222,0, ,0.0,0.0,0,0.00,0,0,0,1,250,0,0,0,1.0
TF,WIILL,34.02337778,-84.44088056,0, ,0.0,0.0,0,0.00,0,0,0,0,0,0,0,0,1.0
TF,COKEM,34.25538056,-84.71331111,0, ,0.0,0.0,0,0.00,0,0,0,0,0,0,0,0,1.0

SID,COKEM6,10,4
VA,0,95,2,1527,0,0,0,0,0,0,
DF,PICKT,33.63373889,-84.23921944,0, ,0.0,0.0,0,0,0,0,0,0,0,0,1.0
TF,RONII,33.68486667,-84.17909167,0, ,0.0,0.0,0,0.00,0,0,0,0,0,0,0,0,1.0
TF,BEDRK,33.84811389,-84.18109722,0, ,0.0,0.0,0,0.00,0,0,0,0,0,0,0,0,1.0
TF,RBEKA,33.93580556,-84.27377222,0, ,0.0,0.0,0,0.00,0,0,0,1,250,0,0,0,1.0
TF,WIILL,34.02337778,-84.44088056,0, ,0.0,0.0,0,0.00,0,0,0,0,0,0,0,0,1.0
TF,COKEM,34.25538056,-84.71331111,0, ,0.0,0.0,0,0.00,0,0,0,0,0,0,0,0,1.0

SID,COKEM6,26L,4
VI,0, ,0,275,0,0,0,0,0,0,0,0,
CF,MPASS,33.69303889,-84.58203056,0,ATL,302.9,8.3,300,6.60,0,0,0,0,0,0,0,0,1.0
TF,ZELAN,33.81127778,-84.58069444,0, ,0.0,0.0,0,0.00,0,0,0,1,250,0,0,0,1.0
TF,TMPSN,33.89472500,-84.57954722,0, ,0.0,0.0,0,0.00,0,0,0,0,0,0,0,0,1.0
TF,COKEM,34.25538056,-84.71331111,0, ,0.0,0.0,0,0.00,0,0,0,0,0,0,0,0,1.0

SID,COKEM6,26R,4
VI,0, ,0,275,0,0,0,0,0,0,0,0,
CF,MPASS,33.69303889,-84.58203056,0,ATL,302.9,8.3,299,6.50,0,0,0,0,0,0,0,0,1.0
TF,ZELAN,33.81127778,-84.58069444,0, ,0.0,0.0,0,0.00,0,0,0,1,250,0,0,0,1.0
TF,TMPSN,33.89472500,-84.57954722,0, ,0.0,0.0,0,0.00,0,0,0,0,0,0,0,0,1.0
TF,COKEM,34.25538056,-84.71331111,0, ,0.0,0.0,0,0.00,0,0,0,0,0,0,0,0,1.0

SID,COKEM6,27L,4
VA,0,275,2,1527,0,0,0,0,0,0,
DF,CPARK,33.63468333,-84.51258611,0, ,0.0,0.0,0,0,0,0,0,0,0,0,1.0
TF,MPASS,33.69303889,-84.58203056,0, ,0.0,0.0,0,0.00,0,0,0,0,0,0,0,0,1.0
TF,ZELAN,33.81127778,-84.58069444,0, ,0.0,0.0,0,0.00,0,0,0,1,250,0,0,0,1.0
TF,TMPSN,33.89472500,-84.57954722,0, ,0.0,0.0,0,0.00,0,0,0,0,0,0,0,0,1.0
TF,COKEM,34.25538056,-84.71331111,0, ,0.0,0.0,0,0.00,0,0,0,0,0,0,0,0,1.0

SID,COKEM6,27R,4
VA,0,275,2,1527,0,0,0,0,0,0,
DF,CPARK,33.63468333,-84.51258611,0, ,0.0,0.0,0,0,0,0,0,0,0,0,1.0
TF,MPASS,33.69303889,-84.58203056,0, ,0.0,0.0,0,0.00,0,0,0,0,0,0,0,0,1.0
TF,ZELAN,33.81127778,-84.58069444,0, ,0.0,0.0,0,0.00,0,0,0,1,250,0,0,0,1.0
TF,TMPSN,33.89472500,-84.57954722,0, ,0.0,0.0,0,0.00,0,0,0,0,0,0,0,0,1.0
TF,COKEM,34.25538056,-84.71331111,0, ,0.0,0.0,0,0.00,0,0,0,0,0,0,0,0,1.0

SID,COKEM6,28,4
VA,0,275,2,1527,0,0,0,0,0,0,
DF,CPARK,33.63468333,-84.51258611,0, ,0.0,0.0,0,0,0,0,0,0,0,0,1.0
TF,MPASS,33.69303889,-84.58203056,0, ,0.0,0.0,0,0.00,0,0,0,0,0,0,0,0,1.0
TF,ZELAN,33.81127778,-84.58069444,0, ,0.0,0.0,0,0.00,0,0,0,1,250,0,0,0,1.0
TF,TMPSN,33.89472500,-84.57954722,0, ,0.0,0.0,0,0.00,0,0,0,0,0,0,0,0,1.0
TF,COKEM,34.25538056,-84.71331111,0, ,0.0,0.0,0,0.00,0,0,0,0,0,0,0,0,1.0

SID,COKEM6,CARPT,6
IF,COKEM,34.25538056,-84.71331111, ,0.0,0.0,0,0,0,0,0,0,0,0,
TF,CARPT,35.11120278,-85.09223333,0, ,0.0,0.0,0,0.00,0,0,0,0,0,0,0,0,1.0

SID,DAWGS6,08L,4
VI,0, ,0,95,0,0,0,0,0,0,0,0,
CF,RONII,33.68486667,-84.17909167,0,ATL,80.1,13.2,83,10.70,0,0,0,0,0,0,0,0,1.0
TF,IGEBE,33.73305000,-84.03723889,0, ,0.0,0.0,0,0.00,0,0,0,0,0,0,0,0,1.0
TF,DAWGS,33.92516667,-83.72242222,0, ,0.0,0.0,0,0.00,0,0,0,0,0,0,0,0,1.0

SID,DAWGS6,08R,4
VI,0, ,0,95,0,0,0,0,0,0,0,0,
CF,RONII,33.68486667,-84.17909167,0,ATL,80.1,13.2,82,10.50,0,0,0,0,0,0,0,0,1.0
TF,IGEBE,33.73305000,-84.03723889,0, ,0.0,0.0,0,0.00,0,0,0,0,0,0,0,0,1.0
TF,DAWGS,33.92516667,-83.72242222,0, ,0.0,0.0,0,0.00,0,0,0,0,0,0,0,0,1.0

SID,DAWGS6,09L,4
VA,0,95,2,1527,0,0,0,0,0,0,
DF,LIDAS,33.63363611,-84.26920278,0, ,0.0,0.0,0,0,0,0,0,0,0,0,1.0
TF,ERWIN,33.63416667,-84.10055556,0, ,0.0,0.0,0,0.00,0,0,0,0,0,0,0,0,1.0
TF,DAWGS,33.92516667,-83.72242222,0, ,0.0,0.0,0,0.00,0,0,0,0,0,0,0,0,1.0

SID,DAWGS6,09R,4
VA,0,95,2,1527,0,0,0,0,0,0,
DF,LIDAS,33.63363611,-84.26920278,0, ,0.0,0.0,0,0,0,0,0,0,0,0,1.0
TF,ERWIN,33.63416667,-84.10055556,0, ,0.0,0.0,0,0.00,0,0,0,0,0,0,0,0,1.0
TF,DAWGS,33.92516667,-83.72242222,0, ,0.0,0.0,0,0.00,0,0,0,0,0,0,0,0,1.0

SID,DAWGS6,10,4
VI,0, ,0,95,0,0,0,0,0,0,0,0,
CF,GRITZ,33.60214444,-84.27633611,0,ATL,106.2,8.1,105,6.10,0,0,0,0,0,0,0,0,1.0
TF,DDUBB,33.56702500,-84.08201389,0, ,0.0,0.0,0,0.00,0,0,0,0,0,0,0,0,1.0
TF,DAWGS,33.92516667,-83.72242222,0, ,0.0,0.0,0,0.00,0,0,0,0,0,0,0,0,1.0

SID,DAWGS6,26L,4
VI,0, ,0,275,0,0,0,0,0,0,0,0,
CF,MPASS,33.69303889,-84.58203056,0,ATL,302.9,8.3,300,6.60,0,0,0,0,0,0,0,0,1.0
TF,ZELAN,33.81127778,-84.58069444,0, ,0.0,0.0,0,0.00,0,0,0,1,250,0,0,0,1.0
TF,KLEGG,33.81250833,-84.28000556,0, ,0.0,0.0,0,0.00,0,0,0,0,0,0,0,0,1.0
TF,DAWGS,33.92516667,-83.72242222,0, ,0.0,0.0,0,0.00,0,0,0,0,0,0,0,0,1.0

SID,DAWGS6,26R,4
VI,0, ,0,275,0,0,0,0,0,0,0,0,
CF,MPASS,33.69303889,-84.58203056,0,ATL,302.9,8.3,299,6.50,0,0,0,0,0,0,0,0,1.0
TF,ZELAN,33.81127778,-84.58069444,0, ,0.0,0.0,0,0.00,0,0,0,1,250,0,0,0,1.0
TF,KLEGG,33.81250833,-84.28000556,0, ,0.0,0.0,0,0.00,0,0,0,0,0,0,0,0,1.0
TF,DAWGS,33.92516667,-83.72242222,0, ,0.0,0.0,0,0.00,0,0,0,0,0,0,0,0,1.0

SID,DAWGS6,27L,4
VI,0, ,0,275,0,0,0,0,0,0,0,0,
CF,FUTBL,33.58815556,-84.58463889,0,ATL,257.1,7.9,251,6.30,0,0,0,0,0,0,0,0,1.0
TF,ZALLE,33.45709167,-84.58449444,0, ,0.0,0.0,0,0.00,0,0,0,1,250,0,0,0,1.0
TF,HYZMN,33.45698611,-84.27638889,0, ,0.0,0.0,0,0.00,0,0,0,0,0,0,0,0,1.0
TF,ESFOR,33.73395278,-84.09501944,0, ,0.0,0.0,0,0.00,0,0,0,0,0,0,0,0,1.0
TF,DAWGS,33.92516667,-83.72242222,0, ,0.0,0.0,0,0.00,0,0,0,0,0,0,0,0,1.0

SID,DAWGS6,27R,4
VI,0, ,0,275,0,0,0,0,0,0,0,0,1.0
CF,FUTBL,33.58815556,-84.58463889,0,ATL,257.1,7.9,249,6.40,0,0,0,0,0,0,0,0,1.0
TF,ZALLE,33.45709167,-84.58449444,0, ,0.0,0.0,0,0.00,0,0,0,1,250,0,0,0,1.0
TF,HYZMN,33.45698611,-84.27638889,0, ,0.0,0.0,0,0.00,0,0,0,0,0,0,0,0,1.0
TF,ESFOR,33.73395278,-84.09501944,0, ,0.0,0.0,0,0.00,0,0,0,0,0,0,0,0,1.0
TF,DAWGS,33.92516667,-83.72242222,0, ,0.0,0.0,0,0.00,0,0,0,0,0,0,0,0,1.0

SID,DAWGS6,28,4
VI,0, ,0,275,0,0,0,0,0,0,0,0,
CF,WLSON,33.57397500,-84.58462500,0,ATL,251.4,8.2,249,6.40,0,0,0,0,0,0,0,0,1.0
TF,ZALLE,33.45709167,-84.58449444,0, ,0.0,0.0,0,0.00,0,0,0,1,250,0,0,0,1.0
TF,HYZMN,33.45698611,-84.27638889,0, ,0.0,0.0,0,0.00,0,0,0,0,0,0,0,0,1.0
TF,ESFOR,33.73395278,-84.09501944,0, ,0.0,0.0,0,0.00,0,0,0,0,0,0,0,0,1.0
TF,DAWGS,33.92516667,-83.72242222,0, ,0.0,0.0,0,0.00,0,0,0,0,0,0,0,0,1.0

SID,DAWGS6,SPA,6
IF,DAWGS,33.92516667,-83.72242222, ,0.0,0.0,0,0,0,0,0,0,0,0,
TF,SPA,35.03362500,-81.92701111,0, ,0.0,0.0,0,0.00,0,0,0,0,0,0,0,0,1.0

SID,DOOLY6,08L,4
VI,0, ,0,95,0,0,0,0,0,0,0,0,
CF,RONII,33.68486667,-84.17909167,0,ATL,80.1,13.2,83,10.70,0,0,0,0,0,0,0,0,1.0
TF,IGEBE,33.73305000,-84.03723889,0, ,0.0,0.0,0,0.00,0,0,0,0,0,0,0,0,1.0
TF,DOOLY,33.66133889,-83.63744444,0, ,0.0,0.0,0,0.00,0,0,0,0,0,0,0,0,1.0

SID,DOOLY6,08R,4
VI,0, ,0,95,0,0,0,0,0,0,0,0,
CF,RONII,33.68486667,-84.17909167,0,ATL,80.1,13.2,82,10.50,0,0,0,0,0,0,0,0,1.0
TF,IGEBE,33.73305000,-84.03723889,0, ,0.0,0.0,0,0.00,0,0,0,0,0,0,0,0,1.0
TF,DOOLY,33.66133889,-83.63744444,0, ,0.0,0.0,0,0.00,0,0,0,0,0,0,0,0,1.0

SID,DOOLY6,09L,4
VA,0,95,2,1527,0,0,0,0,0,0,
DF,LIDAS,33.63363611,-84.26920278,0, ,0.0,0.0,0,0,0,0,0,0,0,0,1.0
TF,ERWIN,33.63416667,-84.10055556,0, ,0.0,0.0,0,0.00,0,0,0,0,0,0,0,0,1.0
TF,DOOLY,33.66133889,-83.63744444,0, ,0.0,0.0,0,0.00,0,0,0,0,0,0,0,0,1.0

SID,DOOLY6,09R,4
VA,0,95,2,1527,0,0,0,0,0,0,
DF,LIDAS,33.63363611,-84.26920278,0, ,0.0,0.0,0,0,0,0,0,0,0,0,1.0
TF,ERWIN,33.63416667,-84.10055556,0, ,0.0,0.0,0,0.00,0,0,0,0,0,0,0,0,1.0
TF,DOOLY,33.66133889,-83.63744444,0, ,0.0,0.0,0,0.00,0,0,0,0,0,0,0,0,1.0

SID,DOOLY6,10,4
VI,0, ,0,95,0,0,0,0,0,0,0,0,
CF,GRITZ,33.60214444,-84.27633611,0,ATL,106.2,8.1,105,6.10,0,0,0,0,0,0,0,0,1.0
TF,DDUBB,33.56702500,-84.08201389,0, ,0.0,0.0,0,0.00,0,0,0,0,0,0,0,0,1.0
TF,DOOLY,33.66133889,-83.63744444,0, ,0.0,0.0,0,0.00,0,0,0,0,0,0,0,0,1.0

SID,DOOLY6,26L,4
VI,0, ,0,275,0,0,0,0,0,0,0,0,
CF,MPASS,33.69303889,-84.58203056,0,ATL,302.9,8.3,300,6.60,0,0,0,0,0,0,0,0,1.0
TF,ZELAN,33.81127778,-84.58069444,0, ,0.0,0.0,0,0.00,0,0,0,1,250,0,0,0,1.0
TF,KLEGG,33.81250833,-84.28000556,0, ,0.0,0.0,0,0.00,0,0,0,0,0,0,0,0,1.0
TF,DOOLY,33.66133889,-83.63744444,0, ,0.0,0.0,0,0.00,0,0,0,0,0,0,0,0,1.0

SID,DOOLY6,26R,4
VI,0, ,0,275,0,0,0,0,0,0,0,0,
CF,MPASS,33.69303889,-84.58203056,0,ATL,302.9,8.3,299,6.50,0,0,0,0,0,0,0,0,1.0
TF,ZELAN,33.81127778,-84.58069444,0, ,0.0,0.0,0,0.00,0,0,0,1,250,0,0,0,1.0
TF,KLEGG,33.81250833,-84.28000556,0, ,0.0,0.0,0,0.00,0,0,0,0,0,0,0,0,1.0
TF,DOOLY,33.66133889,-83.63744444,0, ,0.0,0.0,0,0.00,0,0,0,0,0,0,0,0,1.0

SID,DOOLY6,27L,4
VI,0, ,0,275,0,0,0,0,0,0,0,0,
CF,FUTBL,33.58815556,-84.58463889,0,ATL,257.1,7.9,251,6.30,0,0,0,0,0,0,0,0,1.0
TF,ZALLE,33.45709167,-84.58449444,0, ,0.0,0.0,0,0.00,0,0,0,1,250,0,0,0,1.0
TF,HYZMN,33.45698611,-84.27638889,0, ,0.0,0.0,0,0.00,0,0,0,0,0,0,0,0,1.0
TF,BARMS,33.60090833,-83.93285278,0, ,0.0,0.0,0,0.00,0,0,0,0,0,0,0,0,1.0
TF,DOOLY,33.66133889,-83.63744444,0, ,0.0,0.0,0,0.00,0,0,0,0,0,0,0,0,1.0

SID,DOOLY6,27R,4
VI,0, ,0,275,0,0,0,0,0,0,0,0,
CF,FUTBL,33.58815556,-84.58463889,0,ATL,257.1,7.9,249,6.40,0,0,0,0,0,0,0,0,1.0
TF,ZALLE,33.45709167,-84.58449444,0, ,0.0,0.0,0,0.00,0,0,0,1,250,0,0,0,1.0
TF,HYZMN,33.45698611,-84.27638889,0, ,0.0,0.0,0,0.00,0,0,0,0,0,0,0,0,1.0
TF,BARMS,33.60090833,-83.93285278,0, ,0.0,0.0,0,0.00,0,0,0,0,0,0,0,0,1.0
TF,DOOLY,33.66133889,-83.63744444,0, ,0.0,0.0,0,0.00,0,0,0,0,0,0,0,0,1.0

SID,DOOLY6,28,4
VI,0, ,0,275,0,0,0,0,0,0,0,0,
CF,WLSON,33.57397500,-84.58462500,0,ATL,251.4,8.2,249,6.40,0,0,0,0,0,0,0,0,1.0
TF,ZALLE,33.45709167,-84.58449444,0, ,0.0,0.0,0,0.00,0,0,0,1,250,0,0,0,1.0
TF,HYZMN,33.45698611,-84.27638889,0, ,0.0,0.0,0,0.00,0,0,0,0,0,0,0,0,1.0
TF,BARMS,33.60090833,-83.93285278,0, ,0.0,0.0,0,0.00,0,0,0,0,0,0,0,0,1.0
TF,DOOLY,33.66133889,-83.63744444,0, ,0.0,0.0,0,0.00,0,0,0,0,0,0,0,0,1.0

SID,DOOLY6,GRD,6
IF,DOOLY,33.66133889,-83.63744444, ,0.0,0.0,0,0,0,0,0,0,0,0,
TF,GRD,34.25156667,-82.15415000,0, ,0.0,0.0,0,0.00,0,0,0,0,0,0,0,0,1.0

SID,GEETK7,08L,4
VI,0, ,0,95,0,0,0,0,0,0,0,0,
CF,HRSHL,33.68276944,-84.27956667,0,ATL,72.2,8.4,75,5.80,0,0,0,0,0,0,0,0,1.0
TF,KLEGG,33.81250833,-84.28000556,0, ,0.0,0.0,0,0.00,0,0,0,1,250,0,0,0,1.0
TF,ZELAN,33.81127778,-84.58069444,0, ,0.0,0.0,0,0.00,0,0,0,0,0,0,0,0,1.0
TF,GEETK,33.64782500,-85.23325556,0, ,0.0,0.0,0,0.00,0,0,0,0,0,0,0,0,1.0

SID,GEETK7,08R,4
VI,0, ,0,95,0,0,0,0,0,0,0,0,
CF,HRSHL,33.68276944,-84.27956667,0,ATL,72.2,8.4,72,5.70,0,0,0,0,0,0,0,0,1.0
TF,KLEGG,33.81250833,-84.28000556,0, ,0.0,0.0,0,0.00,0,0,0,1,250,0,0,0,1.0
TF,ZELAN,33.81127778,-84.58069444,0, ,0.0,0.0,0,0.00,0,0,0,0,0,0,0,0,1.0
TF,GEETK,33.64782500,-85.23325556,0, ,0.0,0.0,0,0.00,0,0,0,0,0,0,0,0,1.0

SID,GEETK7,09L,4
VI,0, ,0,95,0,0,0,0,0,0,0,0,
CF,GRITZ,33.60214444,-84.27633611,0,ATL,106.2,8.1,114,5.90,0,0,0,0,0,0,0,0,1.0
TF,HYZMN,33.45698611,-84.27638889,0, ,0.0,0.0,0,0.00,0,0,0,1,250,0,0,0,1.0
TF,ZALLE,33.45709167,-84.58449444,0, ,0.0,0.0,0,0.00,0,0,0,0,0,0,0,0,1.0
TF,TEMPO,33.61130278,-85.03863611,0, ,0.0,0.0,0,0.00,0,0,0,0,0,0,0,0,1.0
TF,GEETK,33.64782500,-85.23325556,0, ,0.0,0.0,0,0.00,0,0,0,0,0,0,0,0,1.0

SID,GEETK7,09R,4
VI,0, ,0,95,0,0,0,0,0,0,0,0,
CF,GRITZ,33.60214444,-84.27633611,0,ATL,106.2,8.1,111,6.30,0,0,0,0,0,0,0,0,1.0
TF,HYZMN,33.45698611,-84.27638889,0, ,0.0,0.0,0,0.00,0,0,0,1,250,0,0,0,1.0
TF,ZALLE,33.45709167,-84.58449444,0, ,0.0,0.0,0,0.00,0,0,0,0,0,0,0,0,1.0
TF,TEMPO,33.61130278,-85.03863611,0, ,0.0,0.0,0,0.00,0,0,0,0,0,0,0,0,1.0
TF,GEETK,33.64782500,-85.23325556,0, ,0.0,0.0,0,0.00,0,0,0,0,0,0,0,0,1.0

SID,GEETK7,10,4
VI,0, ,0,95,0,0,0,0,0,0,0,0,
CF,GRITZ,33.60214444,-84.27633611,0,ATL,106.2,8.1,105,6.10,0,0,0,0,0,0,0,0,1.0
TF,HYZMN,33.45698611,-84.27638889,0, ,0.0,0.0,0,0.00,0,0,0,1,250,0,0,0,1.0
TF,ZALLE,33.45709167,-84.58449444,0, ,0.0,0.0,0,0.00,0,0,0,0,0,0,0,0,1.0
TF,TEMPO,33.61130278,-85.03863611,0, ,0.0,0.0,0,0.00,0,0,0,0,0,0,0,0,1.0
TF,GEETK,33.64782500,-85.23325556,0, ,0.0,0.0,0,0.00,0,0,0,0,0,0,0,0,1.0

SID,GEETK7,26L,4
VI,0, ,0,275,0,0,0,0,0,0,0,0,
CF,SNUFY,33.67005000,-84.58322222,0,ATL,293.7,7.8,288,6.20,0,0,0,0,0,0,0,0,1.0
TF,BDODD,33.69988056,-84.75936667,0, ,0.0,0.0,0,0.00,0,0,0,0,0,0,0,0,1.0
TF,GEETK,33.64782500,-85.23325556,0, ,0.0,0.0,0,0.00,0,0,0,0,0,0,0,0,1.0

SID,GEETK7,26R,4
VI,0, ,0,275,0,0,0,0,0,0,0,0,
CF,SNUFY,33.67005000,-84.58322222,0,ATL,293.7,7.8,287,6.20,0,0,0,0,0,0,0,0,1.0
TF,BDODD,33.69988056,-84.75936667,0, ,0.0,0.0,0,0.00,0,0,0,0,0,0,0,0,1.0
TF,GEETK,33.64782500,-85.23325556,0, ,0.0,0.0,0,0.00,0,0,0,0,0,0,0,0,1.0

SID,GEETK7,27L,4
VA,0,275,2,1527,0,0,0,0,0,0,
DF,SLAWW,33.63453611,-84.65760556,0, ,0.0,0.0,0,0,0,0,0,0,0,0,1.0
TF,WESEK,33.63484722,-84.72926667,0, ,0.0,0.0,0,0.00,0,0,0,0,0,0,0,0,1.0
TF,GEETK,33.64782500,-85.23325556,0, ,0.0,0.0,0,0.00,0,0,0,0,0,0,0,0,1.0

SID,GEETK7,27R,4
VA,0,275,2,1527,0,0,0,0,0,0,
DF,SLAWW,33.63453611,-84.65760556,0, ,0.0,0.0,0,0,0,0,0,0,0,0,1.0
TF,WESEK,33.63484722,-84.72926667,0, ,0.0,0.0,0,0.00,0,0,0,0,0,0,0,0,1.0
TF,GEETK,33.64782500,-85.23325556,0, ,0.0,0.0,0,0.00,0,0,0,0,0,0,0,0,1.0

SID,GEETK7,28,4
VI,0, ,0,275,0,0,0,0,0,0,0,0,
CF,WLSON,33.57397500,-84.58462500,0,ATL,251.4,8.2,249,6.40,0,0,0,0,0,0,0,0,1.0
TF,SOTRE,33.54583056,-84.74964444,0, ,0.0,0.0,0,0.00,0,0,0,0,0,0,0,0,1.0
TF,GEETK,33.64782500,-85.23325556,0, ,0.0,0.0,0,0.00,0,0,0,0,0,0,0,0,1.0

SID,GEETK7,VUZ,6
IF,GEETK,33.64782500,-85.23325556, ,0.0,0.0,0,0,0,0,0,0,0,0,
TF,VUZ,33.67013333,-86.89983611,0, ,0.0,0.0,0,0.00,0,0,0,0,0,0,0,0,1.0

SID,JCKTS7,08L,4
VI,0, ,0,95,0,0,0,0,0,0,0,0,
CF,HRSHL,33.68276944,-84.27956667,0,ATL,72.2,8.4,75,5.80,0,0,0,0,0,0,0,0,1.0
TF,KLEGG,33.81250833,-84.28000556,0, ,0.0,0.0,0,0.00,0,0,0,1,250,0,0,0,1.0
TF,ZELAN,33.81127778,-84.58069444,0, ,0.0,0.0,0,0.00,0,0,0,0,0,0,0,0,1.0
TF,WEFIV,33.65362500,-84.82366667,0, ,0.0,0.0,0,0.00,0,0,0,0,0,0,0,0,1.0
TF,JCKTS,33.51060000,-85.22028611,0, ,0.0,0.0,0,0.00,0,0,0,0,0,0,0,0,1.0

SID,JCKTS7,08R,4
VI,0, ,0,95,0,0,0,0,0,0,0,0,
CF,HRSHL,33.68276944,-84.27956667,0,ATL,72.2,8.4,72,5.60,0,0,0,0,0,0,0,0,1.0
TF,KLEGG,33.81250833,-84.28000556,0, ,0.0,0.0,0,0.00,0,0,0,1,250,0,0,0,1.0
TF,ZELAN,33.81127778,-84.58069444,0, ,0.0,0.0,0,0.00,0,0,0,0,0,0,0,0,1.0
TF,WEFIV,33.65362500,-84.82366667,0, ,0.0,0.0,0,0.00,0,0,0,0,0,0,0,0,1.0
TF,JCKTS,33.51060000,-85.22028611,0, ,0.0,0.0,0,0.00,0,0,0,0,0,0,0,0,1.0

SID,JCKTS7,09L,4
VI,0, ,0,95,0,0,0,0,0,0,0,0,
CF,GRITZ,33.60214444,-84.27633611,0,ATL,106.2,8.1,114,5.90,0,0,0,0,0,0,0,0,1.0
TF,HYZMN,33.45698611,-84.27638889,0, ,0.0,0.0,0,0.00,0,0,0,1,250,0,0,0,1.0
TF,ZALLE,33.45709167,-84.58449444,0, ,0.0,0.0,0,0.00,0,0,0,0,0,0,0,0,1.0
TF,JCKTS,33.51060000,-85.22028611,0, ,0.0,0.0,0,0.00,0,0,0,0,0,0,0,0,1.0

SID,JCKTS7,09R,4
VI,0, ,0,95,0,0,0,0,0,0,0,0,
CF,GRITZ,33.60214444,-84.27633611,0,ATL,106.2,8.1,111,6.30,0,0,0,0,0,0,0,0,1.0
TF,HYZMN,33.45698611,-84.27638889,0, ,0.0,0.0,0,0.00,0,0,0,1,250,0,0,0,1.0
TF,ZALLE,33.45709167,-84.58449444,0, ,0.0,0.0,0,0.00,0,0,0,0,0,0,0,0,1.0
TF,JCKTS,33.51060000,-85.22028611,0, ,0.0,0.0,0,0.00,0,0,0,0,0,0,0,0,1.0

SID,JCKTS7,10,4
VI,0, ,0,95,0,0,0,0,0,0,0,0,
CF,GRITZ,33.60214444,-84.27633611,0,ATL,106.2,8.1,105,6.10,0,0,0,0,0,0,0,0,1.0
TF,HYZMN,33.45698611,-84.27638889,0, ,0.0,0.0,0,0.00,0,0,0,1,250,0,0,0,1.0
TF,ZALLE,33.45709167,-84.58449444,0, ,0.0,0.0,0,0.00,0,0,0,0,0,0,0,0,1.0
TF,JCKTS,33.51060000,-85.22028611,0, ,0.0,0.0,0,0.00,0,0,0,0,0,0,0,0,1.0

SID,JCKTS7,26L,4
VI,0, ,0,275,0,0,0,0,0,0,0,0,
CF,SNUFY,33.67005000,-84.58322222,0,ATL,293.7,7.8,288,6.20,0,0,0,0,0,0,0,0,1.0
TF,BDODD,33.69988056,-84.75936667,0, ,0.0,0.0,0,0.00,0,0,0,0,0,0,0,0,1.0
TF,JCKTS,33.51060000,-85.22028611,0, ,0.0,0.0,0,0.00,0,0,0,0,0,0,0,0,1.0

SID,JCKTS7,26R,4
VI,0, ,0,275,0,0,0,0,0,0,0,0,
CF,SNUFY,33.67005000,-84.58322222,0,ATL,293.7,7.8,287,6.20,0,0,0,0,0,0,0,0,1.0
TF,BDODD,33.69988056,-84.75936667,0, ,0.0,0.0,0,0.00,0,0,0,0,0,0,0,0,1.0
TF,JCKTS,33.51060000,-85.22028611,0, ,0.0,0.0,0,0.00,0,0,0,0,0,0,0,0,1.0

SID,JCKTS7,27L,4
VA,0,275,2,1527,0,0,0,0,0,0,
DF,SLAWW,33.63453611,-84.65760556,0, ,0.0,0.0,0,0,0,0,0,0,0,0,1.0
TF,WESEK,33.63484722,-84.72926667,0, ,0.0,0.0,0,0.00,0,0,0,0,0,0,0,0,1.0
TF,JCKTS,33.51060000,-85.22028611,0, ,0.0,0.0,0,0.00,0,0,0,0,0,0,0,0,1.0

SID,JCKTS7,27R,4
VA,0,275,2,1527,0,0,0,0,0,0,
DF,SLAWW,33.63453611,-84.65760556,0, ,0.0,0.0,0,0,0,0,0,0,0,0,1.0
TF,WESEK,33.63484722,-84.72926667,0, ,0.0,0.0,0,0.00,0,0,0,0,0,0,0,0,1.0
TF,JCKTS,33.51060000,-85.22028611,0, ,0.0,0.0,0,0.00,0,0,0,0,0,0,0,0,1.0

SID,JCKTS7,28,4
VI,0, ,0,275,0,0,0,0,0,0,0,0,
CF,WLSON,33.57397500,-84.58462500,0,ATL,251.4,8.2,249,6.40,0,0,0,0,0,0,0,0,1.0
TF,SOTRE,33.54583056,-84.74964444,0, ,0.0,0.0,0,0.00,0,0,0,0,0,0,0,0,1.0
TF,JCKTS,33.51060000,-85.22028611,0, ,0.0,0.0,0,0.00,0,0,0,0,0,0,0,0,1.0

SID,JCKTS7,JAMMR,6
IF,JCKTS,33.51060000,-85.22028611, ,0.0,0.0,0,0,0,0,0,0,0,0,
TF,JAMMR,33.23213611,-86.94231944,0, ,0.0,0.0,0,0.00,0,0,0,0,0,0,0,0,1.0

SID,JOGOR5,08L,4
VI,0, ,0,95,0,0,0,0,0,0,0,0,
CF,HRSHL,33.68276944,-84.27956667,0,ATL,72.2,8.4,75,5.80,0,0,0,0,0,0,0,0,1.0
TF,KLEGG,33.81250833,-84.28000556,0, ,0.0,0.0,0,0.00,0,0,0,1,250,0,0,0,1.0
TF,ZELAN,33.81127778,-84.58069444,0, ,0.0,0.0,0,0.00,0,0,0,0,0,0,0,0,1.0
TF,WEFIV,33.65362500,-84.82366667,0, ,0.0,0.0,0,0.00,0,0,0,0,0,0,0,0,1.0
TF,JOGOR,33.47638611,-85.21165833,0, ,0.0,0.0,0,0.00,0,0,0,0,0,0,0,0,1.0

SID,JOGOR5,08R,4
VI,0, ,0,95,0,0,0,0,0,0,0,0,
CF,HRSHL,33.68276944,-84.27956667,0,ATL,72.2,8.4,72,5.60,0,0,0,0,0,0,0,0,1.0
TF,KLEGG,33.81250833,-84.28000556,0, ,0.0,0.0,0,0.00,0,0,0,1,250,0,0,0,1.0
TF,ZELAN,33.81127778,-84.58069444,0, ,0.0,0.0,0,0.00,0,0,0,0,0,0,0,0,1.0
TF,WEFIV,33.65362500,-84.82366667,0, ,0.0,0.0,0,0.00,0,0,0,0,0,0,0,0,1.0
TF,JOGOR,33.47638611,-85.21165833,0, ,0.0,0.0,0,0.00,0,0,0,0,0,0,0,0,1.0

SID,JOGOR5,09L,4
VI,0, ,0,95,0,0,0,0,0,0,0,0,
CF,GRITZ,33.60214444,-84.27633611,0,ATL,106.2,8.1,114,5.90,0,0,0,0,0,0,0,0,1.0
TF,HYZMN,33.45698611,-84.27638889,0, ,0.0,0.0,0,0.00,0,0,0,1,250,0,0,0,1.0
TF,ZALLE,33.45709167,-84.58449444,0, ,0.0,0.0,0,0.00,0,0,0,0,0,0,0,0,1.0
TF,JOGOR,33.47638611,-85.21165833,0, ,0.0,0.0,0,0.00,0,0,0,0,0,0,0,0,1.0

SID,JOGOR5,09R,4
VI,0, ,0,95,0,0,0,0,0,0,0,0,
CF,GRITZ,33.60214444,-84.27633611,0,ATL,106.2,8.1,111,6.30,0,0,0,0,0,0,0,0,1.0
TF,HYZMN,33.45698611,-84.27638889,0, ,0.0,0.0,0,0.00,0,0,0,1,250,0,0,0,1.0
TF,ZALLE,33.45709167,-84.58449444,0, ,0.0,0.0,0,0.00,0,0,0,0,0,0,0,0,1.0
TF,JOGOR,33.47638611,-85.21165833,0, ,0.0,0.0,0,0.00,0,0,0,0,0,0,0,0,1.0

SID,JOGOR5,10,4
VI,0, ,0,95,0,0,0,0,0,0,0,0,
CF,GRITZ,33.60214444,-84.27633611,0,ATL,106.2,8.1,105,6.10,0,0,0,0,0,0,0,0,1.0
TF,HYZMN,33.45698611,-84.27638889,0, ,0.0,0.0,0,0.00,0,0,0,1,250,0,0,0,1.0
TF,ZALLE,33.45709167,-84.58449444,0, ,0.0,0.0,0,0.00,0,0,0,0,0,0,0,0,1.0
TF,JOGOR,33.47638611,-85.21165833,0, ,0.0,0.0,0,0.00,0,0,0,0,0,0,0,0,1.0

SID,JOGOR5,26L,4
VI,0, ,0,275,0,0,0,0,0,0,0,0,
CF,SNUFY,33.67005000,-84.58322222,0,ATL,293.7,7.8,288,6.20,0,0,0,0,0,0,0,0,1.0
TF,BDODD,33.69988056,-84.75936667,0, ,0.0,0.0,0,0.00,0,0,0,0,0,0,0,0,1.0
TF,JOGOR,33.47638611,-85.21165833,0, ,0.0,0.0,0,0.00,0,0,0,0,0,0,0,0,1.0

SID,JOGOR5,26R,4
VI,0, ,0,275,0,0,0,0,0,0,0,0,
CF,SNUFY,33.67005000,-84.58322222,0,ATL,293.7,7.8,287,6.20,0,0,0,0,0,0,0,0,1.0
TF,BDODD,33.69988056,-84.75936667,0, ,0.0,0.0,0,0.00,0,0,0,0,0,0,0,0,1.0
TF,JOGOR,33.47638611,-85.21165833,0, ,0.0,0.0,0,0.00,0,0,0,0,0,0,0,0,1.0

SID,JOGOR5,27L,4
VA,0,275,2,1527,0,0,0,0,0,0,
DF,SLAWW,33.63453611,-84.65760556,0, ,0.0,0.0,0,0,0,0,0,0,0,0,1.0
TF,WESEK,33.63484722,-84.72926667,0, ,0.0,0.0,0,0.00,0,0,0,0,0,0,0,0,1.0
TF,JOGOR,33.47638611,-85.21165833,0, ,0.0,0.0,0,0.00,0,0,0,0,0,0,0,0,1.0

SID,JOGOR5,27R,4
VA,0,275,2,1527,0,0,0,0,0,0,
DF,SLAWW,33.63453611,-84.65760556,0, ,0.0,0.0,0,0,0,0,0,0,0,0,1.0
TF,WESEK,33.63484722,-84.72926667,0, ,0.0,0.0,0,0.00,0,0,0,0,0,0,0,0,1.0
TF,JOGOR,33.47638611,-85.21165833,0, ,0.0,0.0,0,0.00,0,0,0,0,0,0,0,0,1.0

SID,JOGOR5,28,4
VI,0, ,0,275,0,0,0,0,0,0,0,0,
CF,WLSON,33.57397500,-84.58462500,0,ATL,251.4,8.2,249,6.40,0,0,0,0,0,0,0,0,1.0
TF,SOTRE,33.54583056,-84.74964444,0, ,0.0,0.0,0,0.00,0,0,0,0,0,0,0,0,1.0
TF,JOGOR,33.47638611,-85.21165833,0, ,0.0,0.0,0,0.00,0,0,0,0,0,0,0,0,1.0

SID,JOGOR5,GARND,6
IF,JOGOR,33.47638611,-85.21165833, ,0.0,0.0,0,0,0,0,0,0,0,0,
TF,MAPEE,33.35868611,-85.79228611,0, ,0.0,0.0,0,0.00,0,0,0,0,0,0,0,0,1.0
TF,GARND,33.29881944,-86.08201111,0, ,0.0,0.0,0,0.00,0,0,0,0,0,0,0,0,1.0

SID,MUNSN6,08L,4
VI,0, ,0,95,0,0,0,0,0,0,0,0,
CF,RONII,33.68486667,-84.17909167,0,ATL,80.1,13.2,83,10.70,0,0,0,0,0,0,0,0,1.0
TF,IGEBE,33.73305000,-84.03723889,0, ,0.0,0.0,0,0.00,0,0,0,0,0,0,0,0,1.0
TF,MUNSN,33.54814722,-83.64291389,0, ,0.0,0.0,0,0.00,0,0,0,0,0,0,0,0,1.0

SID,MUNSN6,08R,4
VI,0, ,0,95,0,0,0,0,0,0,0,0,
CF,RONII,33.68486667,-84.17909167,0,ATL,80.1,13.2,82,10.50,0,0,0,0,0,0,0,0,1.0
TF,IGEBE,33.73305000,-84.03723889,0, ,0.0,0.0,0,0.00,0,0,0,0,0,0,0,0,1.0
TF,MUNSN,33.54814722,-83.64291389,0, ,0.0,0.0,0,0.00,0,0,0,0,0,0,0,0,1.0

SID,MUNSN6,09L,4
VA,0,95,2,1527,0,0,0,0,0,0,
DF,LIDAS,33.63363611,-84.26920278,0, ,0.0,0.0,0,0,0,0,0,0,0,0,1.0
TF,ERWIN,33.63416667,-84.10055556,0, ,0.0,0.0,0,0.00,0,0,0,0,0,0,0,0,1.0
TF,MUNSN,33.54814722,-83.64291389,0, ,0.0,0.0,0,0.00,0,0,0,0,0,0,0,0,1.0

SID,MUNSN6,09R,4
VA,0,95,2,1527,0,0,0,0,0,0,
DF,LIDAS,33.63363611,-84.26920278,0, ,0.0,0.0,0,0,0,0,0,0,0,0,1.0
TF,ERWIN,33.63416667,-84.10055556,0, ,0.0,0.0,0,0.00,0,0,0,0,0,0,0,0,1.0
TF,MUNSN,33.54814722,-83.64291389,0, ,0.0,0.0,0,0.00,0,0,0,0,0,0,0,0,1.0

SID,MUNSN6,10,4
VI,0, ,0,95,0,0,0,0,0,0,0,0,
CF,GRITZ,33.60214444,-84.27633611,0,ATL,106.2,8.1,105,6.20,0,0,0,0,0,0,0,0,1.0
TF,DDUBB,33.56702500,-84.08201389,0, ,0.0,0.0,0,0.00,0,0,0,0,0,0,0,0,1.0
TF,MUNSN,33.54814722,-83.64291389,0, ,0.0,0.0,0,0.00,0,0,0,0,0,0,0,0,1.0

SID,MUNSN6,26L,4
VI,0, ,0,275,0,0,0,0,0,0,0,0,
CF,MPASS,33.69303889,-84.58203056,0,ATL,302.9,8.3,300,6.60,0,0,0,0,0,0,0,0,1.0
TF,ZELAN,33.81127778,-84.58069444,0, ,0.0,0.0,0,0.00,0,0,0,1,250,0,0,0,1.0
TF,KLEGG,33.81250833,-84.28000556,0, ,0.0,0.0,0,0.00,0,0,0,0,0,0,0,0,1.0
TF,LUVIE,33.64629722,-84.03635556,0, ,0.0,0.0,0,0.00,0,0,0,0,0,0,0,0,1.0
TF,MUNSN,33.54814722,-83.64291389,0, ,0.0,0.0,0,0.00,0,0,0,0,0,0,0,0,1.0

SID,MUNSN6,26R,4
VI,0, ,0,275,0,0,0,0,0,0,0,0,
CF,MPASS,33.69303889,-84.58203056,0,ATL,302.9,8.3,299,6.50,0,0,0,0,0,0,0,0,1.0
TF,ZELAN,33.81127778,-84.58069444,0, ,0.0,0.0,0,0.00,0,0,0,1,250,0,0,0,1.0
TF,KLEGG,33.81250833,-84.28000556,0, ,0.0,0.0,0,0.00,0,0,0,0,0,0,0,0,1.0
TF,LUVIE,33.64629722,-84.03635556,0, ,0.0,0.0,0,0.00,0,0,0,0,0,0,0,0,1.0
TF,MUNSN,33.54814722,-83.64291389,0, ,0.0,0.0,0,0.00,0,0,0,0,0,0,0,0,1.0

SID,MUNSN6,27L,4
VI,0, ,0,275,0,0,0,0,0,0,0,0,
CF,FUTBL,33.58815556,-84.58463889,0,ATL,257.1,7.9,251,6.30,0,0,0,0,0,0,0,0,1.0
TF,ZALLE,33.45709167,-84.58449444,0, ,0.0,0.0,0,0.00,0,0,0,1,250,0,0,0,1.0
TF,HYZMN,33.45698611,-84.27638889,0, ,0.0,0.0,0,0.00,0,0,0,0,0,0,0,0,1.0
TF,MUNSN,33.54814722,-83.64291389,0, ,0.0,0.0,0,0.00,0,0,0,0,0,0,0,0,1.0

SID,MUNSN6,27R,4
VI,0, ,0,275,0,0,0,0,0,0,0,0,1.0
CF,FUTBL,33.58815556,-84.58463889,0,ATL,257.1,7.9,249,6.40,0,0,0,0,0,0,0,0,1.0
TF,ZALLE,33.45709167,-84.58449444,0, ,0.0,0.0,0,0.00,0,0,0,1,250,0,0,0,1.0
TF,HYZMN,33.45698611,-84.27638889,0, ,0.0,0.0,0,0.00,0,0,0,0,0,0,0,0,1.0
TF,MUNSN,33.54814722,-83.64291389,0, ,0.0,0.0,0,0.00,0,0,0,0,0,0,0,0,1.0

SID,MUNSN6,28,4
VI,0, ,0,275,0,0,0,0,0,0,0,0,
CF,WLSON,33.57397500,-84.58462500,0,ATL,251.4,8.2,249,6.40,0,0,0,0,0,0,0,0,1.0
TF,ZALLE,33.45709167,-84.58449444,0, ,0.0,0.0,0,0.00,0,0,0,1,250,0,0,0,1.0
TF,HYZMN,33.45698611,-84.27638889,0, ,0.0,0.0,0,0.00,0,0,0,0,0,0,0,0,1.0
TF,MUNSN,33.54814722,-83.64291389,0, ,0.0,0.0,0,0.00,0,0,0,0,0,0,0,0,1.0

SID,MUNSN6,IRQ,6
IF,MUNSN,33.54814722,-83.64291389, ,0.0,0.0,0,0,0,0,0,0,0,0,
TF,IRQ,33.70735278,-82.16206389,0, ,0.0,0.0,0,0.00,0,0,0,0,0,0,0,0,1.0

SID,NOVSS5,08L,4
VA,0,95,2,1527,0,0,0,0,0,0,
DF,SKNNR,33.63364722,-84.34311667,0, ,0.0,0.0,0,0,0,0,0,0,0,0,1.0
TF,GRITZ,33.60214444,-84.27633611,0, ,0.0,0.0,0,0.00,0,0,0,0,0,0,0,0,1.0
TF,HYZMN,33.45698611,-84.27638889,0, ,0.0,0.0,0,0.00,0,0,0,1,250,0,0,0,1.0
TF,NOVSS,32.96366389,-84.50413056,0, ,0.0,0.0,0,0.00,0,0,0,0,0,0,0,0,1.0

SID,NOVSS5,08R,4
VA,0,95,2,1527,0,0,0,0,0,0,
DF,SKNNR,33.63364722,-84.34311667,0, ,0.0,0.0,0,0,0,0,0,0,0,0,1.0
TF,GRITZ,33.60214444,-84.27633611,0, ,0.0,0.0,0,0.00,0,0,0,0,0,0,0,0,1.0
TF,HYZMN,33.45698611,-84.27638889,0, ,0.0,0.0,0,0.00,0,0,0,1,250,0,0,0,1.0
TF,NOVSS,32.96366389,-84.50413056,0, ,0.0,0.0,0,0.00,0,0,0,0,0,0,0,0,1.0

SID,NOVSS5,09L,4
VI,0, ,0,95,0,0,0,0,0,0,0,0,
CF,GRITZ,33.60214444,-84.27633611,0,ATL,106.2,8.1,114,5.90,0,0,0,0,0,0,0,0,1.0
TF,HYZMN,33.45698611,-84.27638889,0, ,0.0,0.0,0,0.00,0,0,0,1,250,0,0,0,1.0
TF,NOVSS,32.96366389,-84.50413056,0, ,0.0,0.0,0,0.00,0,0,0,0,0,0,0,0,1.0

SID,NOVSS5,09R,4
VI,0, ,0,95,0,0,0,0,0,0,0,0,
CF,GRITZ,33.60214444,-84.27633611,0,ATL,106.2,8.1,111,6.30,0,0,0,0,0,0,0,0,1.0
TF,HYZMN,33.45698611,-84.27638889,0, ,0.0,0.0,0,0.00,0,0,0,1,250,0,0,0,1.0
TF,NOVSS,32.96366389,-84.50413056,0, ,0.0,0.0,0,0.00,0,0,0,0,0,0,0,0,1.0

SID,NOVSS5,10,4
VI,0, ,0,95,0,0,0,0,0,0,0,0,
CF,GRITZ,33.60214444,-84.27633611,0,ATL,106.2,8.1,105,6.10,0,0,0,0,0,0,0,0,1.0
TF,HYZMN,33.45698611,-84.27638889,0, ,0.0,0.0,0,0.00,0,0,0,1,250,0,0,0,1.0
TF,NOVSS,32.96366389,-84.50413056,0, ,0.0,0.0,0,0.00,0,0,0,0,0,0,0,0,1.0

SID,NOVSS5,26L,4
VI,0, ,0,275,0,0,0,0,0,0,0,0,
CF,SNUFY,33.67005000,-84.58322222,0,ATL,293.7,7.8,288,6.20,0,0,0,0,0,0,0,0,1.0
TF,SLAWW,33.63453611,-84.65760556,0, ,0.0,0.0,0,0.00,0,0,0,0,0,0,0,0,1.0
TF,RIGGZ,33.57675556,-84.69745833,0, ,0.0,0.0,0,0.00,0,0,0,0,0,0,0,0,1.0
TF,STYLZ,33.39211111,-84.68018333,0, ,0.0,0.0,0,0.00,0,0,0,1,250,0,0,0,1.0
TF,NOVSS,32.96366389,-84.50413056,0, ,0.0,0.0,0,0.00,0,0,0,0,0,0,0,0,1.0

SID,NOVSS5,26R,4
VI,0, ,0,275,0,0,0,0,0,0,0,0,
CF,SNUFY,33.67005000,-84.58322222,0,ATL,293.7,7.8,287,6.20,0,0,0,0,0,0,0,0,1.0
TF,SLAWW,33.63453611,-84.65760556,0, ,0.0,0.0,0,0.00,0,0,0,0,0,0,0,0,1.0
TF,RIGGZ,33.57675556,-84.69745833,0, ,0.0,0.0,0,0.00,0,0,0,0,0,0,0,0,1.0
TF,STYLZ,33.39211111,-84.68018333,0, ,0.0,0.0,0,0.00,0,0,0,1,250,0,0,0,1.0
TF,NOVSS,32.96366389,-84.50413056,0, ,0.0,0.0,0,0.00,0,0,0,0,0,0,0,0,1.0

SID,NOVSS5,27L,4
VA,0,275,2,1527,0,0,0,0,0,0,
DF,SLAWW,33.63453611,-84.65760556,0, ,0.0,0.0,0,0,0,0,0,0,0,0,1.0
TF,RIGGZ,33.57675556,-84.69745833,0, ,0.0,0.0,0,0.00,0,0,0,0,0,0,0,0,1.0
TF,STYLZ,33.39211111,-84.68018333,0, ,0.0,0.0,0,0.00,0,0,0,1,250,0,0,0,1.0
TF,NOVSS,32.96366389,-84.50413056,0, ,0.0,0.0,0,0.00,0,0,0,0,0,0,0,0,1.0

SID,NOVSS5,27R,4
VA,0,275,2,1527,0,0,0,0,0,0,
DF,SLAWW,33.63453611,-84.65760556,0, ,0.0,0.0,0,0,0,0,0,0,0,0,1.0
TF,RIGGZ,33.57675556,-84.69745833,0, ,0.0,0.0,0,0.00,0,0,0,0,0,0,0,0,1.0
TF,STYLZ,33.39211111,-84.68018333,0, ,0.0,0.0,0,0.00,0,0,0,1,250,0,0,0,1.0
TF,NOVSS,32.96366389,-84.50413056,0, ,0.0,0.0,0,0.00,0,0,0,0,0,0,0,0,1.0

SID,NOVSS5,28,4
VI,0, ,0,275,0,0,0,0,0,0,0,0,
CF,WLSON,33.57397500,-84.58462500,0,ATL,251.4,8.2,249,6.40,0,0,0,0,0,0,0,0,1.0
TF,ZALLE,33.45709167,-84.58449444,0, ,0.0,0.0,0,0.00,0,0,0,1,250,0,0,0,1.0
TF,NOVSS,32.96366389,-84.50413056,0, ,0.0,0.0,0,0.00,0,0,0,0,0,0,0,0,1.0

SID,NOVSS5,SARGE,6
IF,NOVSS,32.96366389,-84.50413056, ,0.0,0.0,0,0,0,0,0,0,0,0,
TF,SARGE,32.29814722,-84.57216111,0, ,0.0,0.0,0,0.00,0,0,0,0,0,0,0,0,1.0

SID,NUGGT6,08L,4
VI,0, ,0,95,0,0,0,0,0,0,0,0,
CF,RONII,33.68486667,-84.17909167,0,ATL,80.1,13.2,83,10.70,0,0,0,0,0,0,0,0,1.0
TF,BEDRK,33.84811389,-84.18109722,0, ,0.0,0.0,0,0.00,0,0,0,0,0,0,0,0,1.0
TF,RBEKA,33.93580556,-84.27377222,0, ,0.0,0.0,0,0.00,0,0,0,1,250,0,0,0,1.0
TF,NUGGT,34.29682778,-84.42102778,0, ,0.0,0.0,0,0.00,0,0,0,0,0,0,0,0,1.0

SID,NUGGT6,08R,4
VI,0, ,0,95,0,0,0,0,0,0,0,0,
CF,RONII,33.68486667,-84.17909167,0,ATL,80.1,13.2,82,10.50,0,0,0,0,0,0,0,0,1.0
TF,BEDRK,33.84811389,-84.18109722,0, ,0.0,0.0,0,0.00,0,0,0,0,0,0,0,0,1.0
TF,RBEKA,33.93580556,-84.27377222,0, ,0.0,0.0,0,0.00,0,0,0,1,250,0,0,0,1.0
TF,NUGGT,34.29682778,-84.42102778,0, ,0.0,0.0,0,0.00,0,0,0,0,0,0,0,0,1.0

SID,NUGGT6,09L,4
VA,0,95,2,1527,0,0,0,0,0,0,
DF,PICKT,33.63373889,-84.23921944,0, ,0.0,0.0,0,0,0,0,0,0,0,0,1.0
TF,RONII,33.68486667,-84.17909167,0, ,0.0,0.0,0,0.00,0,0,0,0,0,0,0,0,1.0
TF,BEDRK,33.84811389,-84.18109722,0, ,0.0,0.0,0,0.00,0,0,0,0,0,0,0,0,1.0
TF,RBEKA,33.93580556,-84.27377222,0, ,0.0,0.0,0,0.00,0,0,0,1,250,0,0,0,1.0
TF,NUGGT,34.29682778,-84.42102778,0, ,0.0,0.0,0,0.00,0,0,0,0,0,0,0,0,1.0

SID,NUGGT6,09R,4
VA,0,95,2,1527,0,0,0,0,0,0,
DF,PICKT,33.63373889,-84.23921944,0, ,0.0,0.0,0,0,0,0,0,0,0,0,1.0
TF,RONII,33.68486667,-84.17909167,0, ,0.0,0.0,0,0.00,0,0,0,0,0,0,0,0,1.0
TF,BEDRK,33.84811389,-84.18109722,0, ,0.0,0.0,0,0.00,0,0,0,0,0,0,0,0,1.0
TF,RBEKA,33.93580556,-84.27377222,0, ,0.0,0.0,0,0.00,0,0,0,1,250,0,0,0,1.0
TF,NUGGT,34.29682778,-84.42102778,0, ,0.0,0.0,0,0.00,0,0,0,0,0,0,0,0,1.0

SID,NUGGT6,10,4
VA,0,95,2,1527,0,0,0,0,0,0,
DF,PICKT,33.63373889,-84.23921944,0, ,0.0,0.0,0,0,0,0,0,0,0,0,1.0
TF,RONII,33.68486667,-84.17909167,0, ,0.0,0.0,0,0.00,0,0,0,0,0,0,0,0,1.0
TF,BEDRK,33.84811389,-84.18109722,0, ,0.0,0.0,0,0.00,0,0,0,0,0,0,0,0,1.0
TF,RBEKA,33.93580556,-84.27377222,0, ,0.0,0.0,0,0.00,0,0,0,1,250,0,0,0,1.0
TF,NUGGT,34.29682778,-84.42102778,0, ,0.0,0.0,0,0.00,0,0,0,0,0,0,0,0,1.0

SID,NUGGT6,26L,4
VI,0, ,0,275,0,0,0,0,0,0,0,0,
CF,MPASS,33.69303889,-84.58203056,0,ATL,302.9,8.3,300,6.60,0,0,0,0,0,0,0,0,1.0
TF,ZELAN,33.81127778,-84.58069444,0, ,0.0,0.0,0,0.00,0,0,0,1,250,0,0,0,1.0
TF,NEWTY,33.98452778,-84.46294167,0, ,0.0,0.0,0,0.00,0,0,0,0,0,0,0,0,1.0
TF,NUGGT,34.29682778,-84.42102778,0, ,0.0,0.0,0,0.00,0,0,0,0,0,0,0,0,1.0

SID,NUGGT6,26R,4
VI,0, ,0,275,0,0,0,0,0,0,0,0,
CF,MPASS,33.69303889,-84.58203056,0,ATL,302.9,8.3,299,6.50,0,0,0,0,0,0,0,0,1.0
TF,ZELAN,33.81127778,-84.58069444,0, ,0.0,0.0,0,0.00,0,0,0,1,250,0,0,0,1.0
TF,NEWTY,33.98452778,-84.46294167,0, ,0.0,0.0,0,0.00,0,0,0,0,0,0,0,0,1.0
TF,NUGGT,34.29682778,-84.42102778,0, ,0.0,0.0,0,0.00,0,0,0,0,0,0,0,0,1.0

SID,NUGGT6,27L,4
VA,0,275,2,1527,0,0,0,0,0,0,
DF,CPARK,33.63468333,-84.51258611,0, ,0.0,0.0,0,0,0,0,0,0,0,0,1.0
TF,MPASS,33.69303889,-84.58203056,0, ,0.0,0.0,0,0.00,0,0,0,0,0,0,0,0,1.0
TF,ZELAN,33.81127778,-84.58069444,0, ,0.0,0.0,0,0.00,0,0,0,1,250,0,0,0,1.0
TF,NEWTY,33.98452778,-84.46294167,0, ,0.0,0.0,0,0.00,0,0,0,0,0,0,0,0,1.0
TF,NUGGT,34.29682778,-84.42102778,0, ,0.0,0.0,0,0.00,0,0,0,0,0,0,0,0,1.0

SID,NUGGT6,27R,4
VA,0,275,2,1527,0,0,0,0,0,0,
DF,CPARK,33.63468333,-84.51258611,0, ,0.0,0.0,0,0,0,0,0,0,0,0,1.0
TF,MPASS,33.69303889,-84.58203056,0, ,0.0,0.0,0,0.00,0,0,0,0,0,0,0,0,1.0
TF,ZELAN,33.81127778,-84.58069444,0, ,0.0,0.0,0,0.00,0,0,0,1,250,0,0,0,1.0
TF,NEWTY,33.98452778,-84.46294167,0, ,0.0,0.0,0,0.00,0,0,0,0,0,0,0,0,1.0
TF,NUGGT,34.29682778,-84.42102778,0, ,0.0,0.0,0,0.00,0,0,0,0,0,0,0,0,1.0

SID,NUGGT6,28,4
VA,0,275,2,1527,0,0,0,0,0,0,
DF,CPARK,33.63468333,-84.51258611,0, ,0.0,0.0,0,0,0,0,0,0,0,0,1.0
TF,MPASS,33.69303889,-84.58203056,0, ,0.0,0.0,0,0.00,0,0,0,0,0,0,0,0,1.0
TF,ZELAN,33.81127778,-84.58069444,0, ,0.0,0.0,0,0.00,0,0,0,1,250,0,0,0,1.0
TF,NEWTY,33.98452778,-84.46294167,0, ,0.0,0.0,0,0.00,0,0,0,0,0,0,0,0,1.0
TF,NUGGT,34.29682778,-84.42102778,0, ,0.0,0.0,0,0.00,0,0,0,0,0,0,0,0,1.0

SID,NUGGT6,RAFTN,6
IF,NUGGT,34.29682778,-84.42102778, ,0.0,0.0,0,0,0,0,0,0,0,0,
TF,RAFTN,35.04796389,-84.40496111,0, ,0.0,0.0,0,0.00,0,0,0,0,0,0,0,0,1.0

SID,PNUTT7,08L,4
VA,0,95,2,1527,0,0,0,0,0,0,
DF,SKNNR,33.63364722,-84.34311667,0, ,0.0,0.0,0,0,0,0,0,0,0,0,1.0
TF,GRITZ,33.60214444,-84.27633611,0, ,0.0,0.0,0,0.00,0,0,0,0,0,0,0,0,1.0
TF,HYZMN,33.45698611,-84.27638889,0, ,0.0,0.0,0,0.00,0,0,0,1,250,0,0,0,1.0
TF,NOFOR,33.38848889,-84.27754722,0, ,0.0,0.0,0,0.00,0,0,0,0,0,0,0,0,1.0
TF,PNUTT,33.08417500,-83.97476944,0, ,0.0,0.0,0,0.00,0,0,0,0,0,0,0,0,1.0

SID,PNUTT7,08R,4
VA,0,95,2,1527,0,0,0,0,0,0,
DF,SKNNR,33.63364722,-84.34311667,0, ,0.0,0.0,0,0,0,0,0,0,0,0,1.0
TF,GRITZ,33.60214444,-84.27633611,0, ,0.0,0.0,0,0.00,0,0,0,0,0,0,0,0,1.0
TF,HYZMN,33.45698611,-84.27638889,0, ,0.0,0.0,0,0.00,0,0,0,1,250,0,0,0,1.0
TF,NOFOR,33.38848889,-84.27754722,0, ,0.0,0.0,0,0.00,0,0,0,0,0,0,0,0,1.0
TF,PNUTT,33.08417500,-83.97476944,0, ,0.0,0.0,0,0.00,0,0,0,0,0,0,0,0,1.0

SID,PNUTT7,09L,4
VI,0, ,0,95,0,0,0,0,0,0,0,0,
CF,GRITZ,33.60214444,-84.27633611,0,ATL,106.2,8.1,114,5.90,0,0,0,0,0,0,0,0,1.0
TF,HYZMN,33.45698611,-84.27638889,0, ,0.0,0.0,0,0.00,0,0,0,1,250,0,0,0,1.0
TF,NOFOR,33.38848889,-84.27754722,0, ,0.0,0.0,0,0.00,0,0,0,0,0,0,0,0,1.0
TF,PNUTT,33.08417500,-83.97476944,0, ,0.0,0.0,0,0.00,0,0,0,0,0,0,0,0,1.0

SID,PNUTT7,09R,4
VI,0, ,0,95,0,0,0,0,0,0,0,0,
CF,GRITZ,33.60214444,-84.27633611,0,ATL,106.2,8.1,111,6.30,0,0,0,0,0,0,0,0,1.0
TF,HYZMN,33.45698611,-84.27638889,0, ,0.0,0.0,0,0.00,0,0,0,1,250,0,0,0,1.0
TF,NOFOR,33.38848889,-84.27754722,0, ,0.0,0.0,0,0.00,0,0,0,0,0,0,0,0,1.0
TF,PNUTT,33.08417500,-83.97476944,0, ,0.0,0.0,0,0.00,0,0,0,0,0,0,0,0,1.0

SID,PNUTT7,10,4
VI,0, ,0,95,0,0,0,0,0,0,0,0,
CF,GRITZ,33.60214444,-84.27633611,0,ATL,106.2,8.1,105,6.10,0,0,0,0,0,0,0,0,1.0
TF,HYZMN,33.45698611,-84.27638889,0, ,0.0,0.0,0,0.00,0,0,0,1,250,0,0,0,1.0
TF,NOFOR,33.38848889,-84.27754722,0, ,0.0,0.0,0,0.00,0,0,0,0,0,0,0,0,1.0
TF,PNUTT,33.08417500,-83.97476944,0, ,0.0,0.0,0,0.00,0,0,0,0,0,0,0,0,1.0

SID,PNUTT7,26L,4
VI,0, ,0,275,0,0,0,0,0,0,0,0,
CF,SNUFY,33.67005000,-84.58322222,0,ATL,293.7,7.8,288,6.20,0,0,0,0,0,0,0,0,1.0
TF,SLAWW,33.63453611,-84.65760556,0, ,0.0,0.0,0,0.00,0,0,0,0,0,0,0,0,1.0
TF,RIGGZ,33.57675556,-84.69745833,0, ,0.0,0.0,0,0.00,0,0,0,0,0,0,0,0,1.0
TF,STYLZ,33.39211111,-84.68018333,0, ,0.0,0.0,0,0.00,0,0,0,1,250,0,0,0,1.0
TF,PNUTT,33.08417500,-83.97476944,0, ,0.0,0.0,0,0.00,0,0,0,0,0,0,0,0,1.0

SID,PNUTT7,26R,4
VI,0, ,0,275,0,0,0,0,0,0,0,0,
CF,SNUFY,33.67005000,-84.58322222,0,ATL,293.7,7.8,287,6.20,0,0,0,0,0,0,0,0,1.0
TF,SLAWW,33.63453611,-84.65760556,0, ,0.0,0.0,0,0.00,0,0,0,0,0,0,0,0,1.0
TF,RIGGZ,33.57675556,-84.69745833,0, ,0.0,0.0,0,0.00,0,0,0,0,0,0,0,0,1.0
TF,STYLZ,33.39211111,-84.68018333,0, ,0.0,0.0,0,0.00,0,0,0,1,250,0,0,0,1.0
TF,PNUTT,33.08417500,-83.97476944,0, ,0.0,0.0,0,0.00,0,0,0,0,0,0,0,0,1.0

SID,PNUTT7,27L,4
VA,0,275,2,1527,0,0,0,0,0,0,
DF,SLAWW,33.63453611,-84.65760556,0, ,0.0,0.0,0,0,0,0,0,0,0,0,1.0
TF,RIGGZ,33.57675556,-84.69745833,0, ,0.0,0.0,0,0.00,0,0,0,0,0,0,0,0,1.0
TF,STYLZ,33.39211111,-84.68018333,0, ,0.0,0.0,0,0.00,0,0,0,1,250,0,0,0,1.0
TF,PNUTT,33.08417500,-83.97476944,0, ,0.0,0.0,0,0.00,0,0,0,0,0,0,0,0,1.0

SID,PNUTT7,27R,4
VA,0,275,2,1527,0,0,0,0,0,0,
DF,SLAWW,33.63453611,-84.65760556,0, ,0.0,0.0,0,0,0,0,0,0,0,0,1.0
TF,RIGGZ,33.57675556,-84.69745833,0, ,0.0,0.0,0,0.00,0,0,0,0,0,0,0,0,1.0
TF,STYLZ,33.39211111,-84.68018333,0, ,0.0,0.0,0,0.00,0,0,0,1,250,0,0,0,1.0
TF,PNUTT,33.08417500,-83.97476944,0, ,0.0,0.0,0,0.00,0,0,0,0,0,0,0,0,1.0

SID,PNUTT7,28,4
VI,0, ,0,275,0,0,0,0,0,0,0,0,
CF,WLSON,33.57397500,-84.58462500,0,ATL,251.4,8.2,249,6.40,0,0,0,0,0,0,0,0,1.0
TF,ZALLE,33.45709167,-84.58449444,0, ,0.0,0.0,0,0.00,0,0,0,1,250,0,0,0,1.0
TF,PNUTT,33.08417500,-83.97476944,0, ,0.0,0.0,0,0.00,0,0,0,0,0,0,0,0,1.0

SID,PNUTT7,MCN,6
IF,PNUTT,33.08417500,-83.97476944, ,0.0,0.0,0,0,0,0,0,0,0,0,
TF,MCN,32.69118333,-83.64718333,0, ,0.0,0.0,0,0.00,0,0,0,0,0,0,0,0,1.0

SID,RMBLN7,08L,4
VI,0, ,0,95,0,0,0,0,0,0,0,0,
CF,HRSHL,33.68276944,-84.27956667,0,ATL,72.2,8.4,75,5.80,0,0,0,0,0,0,0,0,1.0
TF,KLEGG,33.81250833,-84.28000556,0, ,0.0,0.0,0,0.00,0,0,0,1,250,0,0,0,1.0
TF,ZELAN,33.81127778,-84.58069444,0, ,0.0,0.0,0,0.00,0,0,0,0,0,0,0,0,1.0
TF,MIKEE,33.80629167,-84.91136389,0, ,0.0,0.0,0,0.00,0,0,0,0,0,0,0,0,1.0
TF,RMBLN,33.76546111,-85.21727778,0, ,0.0,0.0,0,0.00,0,0,0,0,0,0,0,0,1.0

SID,RMBLN7,08R,4
VI,0, ,0,95,0,0,0,0,0,0,0,0,
CF,HRSHL,33.68276944,-84.27956667,0,ATL,72.2,8.4,72,5.60,0,0,0,0,0,0,0,0,1.0
TF,KLEGG,33.81250833,-84.28000556,0, ,0.0,0.0,0,0.00,0,0,0,1,250,0,0,0,1.0
TF,ZELAN,33.81127778,-84.58069444,0, ,0.0,0.0,0,0.00,0,0,0,0,0,0,0,0,1.0
TF,MIKEE,33.80629167,-84.91136389,0, ,0.0,0.0,0,0.00,0,0,0,0,0,0,0,0,1.0
TF,RMBLN,33.76546111,-85.21727778,0, ,0.0,0.0,0,0.00,0,0,0,0,0,0,0,0,1.0

SID,RMBLN7,09L,4
VI,0, ,0,95,0,0,0,0,0,0,0,0,
CF,GRITZ,33.60214444,-84.27633611,0,ATL,106.2,8.1,114,5.90,0,0,0,0,0,0,0,0,1.0
TF,HYZMN,33.45698611,-84.27638889,0, ,0.0,0.0,0,0.00,0,0,0,1,250,0,0,0,1.0
TF,ZALLE,33.45709167,-84.58449444,0, ,0.0,0.0,0,0.00,0,0,0,0,0,0,0,0,1.0
TF,RICCA,33.71409722,-84.95028333,0, ,0.0,0.0,0,0.00,0,0,0,0,0,0,0,0,1.0
TF,RMBLN,33.76546111,-85.21727778,0, ,0.0,0.0,0,0.00,0,0,0,0,0,0,0,0,1.0

SID,RMBLN7,09R,4
VI,0, ,0,95,0,0,0,0,0,0,0,0,
CF,GRITZ,33.60214444,-84.27633611,0,ATL,106.2,8.1,111,6.30,0,0,0,0,0,0,0,0,1.0
TF,HYZMN,33.45698611,-84.27638889,0, ,0.0,0.0,0,0.00,0,0,0,1,250,0,0,0,1.0
TF,ZALLE,33.45709167,-84.58449444,0, ,0.0,0.0,0,0.00,0,0,0,0,0,0,0,0,1.0
TF,RICCA,33.71409722,-84.95028333,0, ,0.0,0.0,0,0.00,0,0,0,0,0,0,0,0,1.0
TF,RMBLN,33.76546111,-85.21727778,0, ,0.0,0.0,0,0.00,0,0,0,0,0,0,0,0,1.0

SID,RMBLN7,10,4
VI,0, ,0,95,0,0,0,0,0,0,0,0,
CF,GRITZ,33.60214444,-84.27633611,0,ATL,106.2,8.1,105,6.10,0,0,0,0,0,0,0,0,1.0
TF,HYZMN,33.45698611,-84.27638889,0, ,0.0,0.0,0,0.00,0,0,0,1,250,0,0,0,1.0
TF,ZALLE,33.45709167,-84.58449444,0, ,0.0,0.0,0,0.00,0,0,0,0,0,0,0,0,1.0
TF,RICCA,33.71409722,-84.95028333,0, ,0.0,0.0,0,0.00,0,0,0,0,0,0,0,0,1.0
TF,RMBLN,33.76546111,-85.21727778,0, ,0.0,0.0,0,0.00,0,0,0,0,0,0,0,0,1.0

SID,RMBLN7,26L,4
VI,0, ,0,275,0,0,0,0,0,0,0,0,
CF,SNUFY,33.67005000,-84.58322222,0,ATL,293.7,7.8,288,6.20,0,0,0,0,0,0,0,0,1.0
TF,BDODD,33.69988056,-84.75936667,0, ,0.0,0.0,0,0.00,0,0,0,0,0,0,0,0,1.0
TF,RMBLN,33.76546111,-85.21727778,0, ,0.0,0.0,0,0.00,0,0,0,0,0,0,0,0,1.0

SID,RMBLN7,26R,4
VI,0, ,0,275,0,0,0,0,0,0,0,0,
CF,SNUFY,33.67005000,-84.58322222,0,ATL,293.7,7.8,287,6.20,0,0,0,0,0,0,0,0,1.0
TF,BDODD,33.69988056,-84.75936667,0, ,0.0,0.0,0,0.00,0,0,0,0,0,0,0,0,1.0
TF,RMBLN,33.76546111,-85.21727778,0, ,0.0,0.0,0,0.00,0,0,0,0,0,0,0,0,1.0

SID,RMBLN7,27L,4
VA,0,275,2,1527,0,0,0,0,0,0,
DF,SLAWW,33.63453611,-84.65760556,0, ,0.0,0.0,0,0,0,0,0,0,0,0,1.0
TF,WESEK,33.63484722,-84.72926667,0, ,0.0,0.0,0,0.00,0,0,0,0,0,0,0,0,1.0
TF,RMBLN,33.76546111,-85.21727778,0, ,0.0,0.0,0,0.00,0,0,0,0,0,0,0,0,1.0

SID,RMBLN7,27R,4
VA,0,275,2,1527,0,0,0,0,0,0,
DF,SLAWW,33.63453611,-84.65760556,0, ,0.0,0.0,0,0,0,0,0,0,0,0,1.0
TF,WESEK,33.63484722,-84.72926667,0, ,0.0,0.0,0,0.00,0,0,0,0,0,0,0,0,1.0
TF,RMBLN,33.76546111,-85.21727778,0, ,0.0,0.0,0,0.00,0,0,0,0,0,0,0,0,1.0

SID,RMBLN7,28,4
VI,0, ,0,275,0,0,0,0,0,0,0,0,
CF,WLSON,33.57397500,-84.58462500,0,ATL,251.4,8.2,249,6.40,0,0,0,0,0,0,0,0,1.0
TF,SOTRE,33.54583056,-84.74964444,0, ,0.0,0.0,0,0.00,0,0,0,0,0,0,0,0,1.0
TF,RMBLN,33.76546111,-85.21727778,0, ,0.0,0.0,0,0.00,0,0,0,0,0,0,0,0,1.0

SID,RMBLN7,GAD,6
IF,RMBLN,33.76546111,-85.21727778, ,0.0,0.0,0,0,0,0,0,0,0,0,
TF,HANKO,33.83835556,-85.64853056,0, ,0.0,0.0,0,0.00,0,0,0,0,0,0,0,0,1.0
TF,GAD,33.97640278,-86.08355833,0, ,0.0,0.0,0,0.00,0,0,0,0,0,0,0,0,1.0

SID,SUMMT6,08L,4
VI,0, ,0,95,0,0,0,0,0,0,0,0,
CF,RONII,33.68486667,-84.17909167,0,ATL,80.1,13.2,83,10.70,0,0,0,0,0,0,0,0,1.0
TF,BEDRK,33.84811389,-84.18109722,0, ,0.0,0.0,0,0.00,0,0,0,0,0,0,0,0,1.0
TF,RBEKA,33.93580556,-84.27377222,0, ,0.0,0.0,0,0.00,0,0,0,1,250,0,0,0,1.0
TF,SUMMT,34.28472222,-84.28252222,0, ,0.0,0.0,0,0.00,0,0,0,0,0,0,0,0,1.0

SID,SUMMT6,08R,4
VI,0, ,0,95,0,0,0,0,0,0,0,0,
CF,RONII,33.68486667,-84.17909167,0,ATL,80.1,13.2,82,10.50,0,0,0,0,0,0,0,0,1.0
TF,BEDRK,33.84811389,-84.18109722,0, ,0.0,0.0,0,0.00,0,0,0,0,0,0,0,0,1.0
TF,RBEKA,33.93580556,-84.27377222,0, ,0.0,0.0,0,0.00,0,0,0,1,250,0,0,0,1.0
TF,SUMMT,34.28472222,-84.28252222,0, ,0.0,0.0,0,0.00,0,0,0,0,0,0,0,0,1.0

SID,SUMMT6,09L,4
VA,0,95,2,1527,0,0,0,0,0,0,
DF,PICKT,33.63373889,-84.23921944,0, ,0.0,0.0,0,0,0,0,0,0,0,0,1.0
TF,RONII,33.68486667,-84.17909167,0, ,0.0,0.0,0,0.00,0,0,0,0,0,0,0,0,1.0
TF,BEDRK,33.84811389,-84.18109722,0, ,0.0,0.0,0,0.00,0,0,0,0,0,0,0,0,1.0
TF,RBEKA,33.93580556,-84.27377222,0, ,0.0,0.0,0,0.00,0,0,0,1,250,0,0,0,1.0
TF,SUMMT,34.28472222,-84.28252222,0, ,0.0,0.0,0,0.00,0,0,0,0,0,0,0,0,1.0

SID,SUMMT6,09R,4
VA,0,95,2,1527,0,0,0,0,0,0,
DF,PICKT,33.63373889,-84.23921944,0, ,0.0,0.0,0,0,0,0,0,0,0,0,1.0
TF,RONII,33.68486667,-84.17909167,0, ,0.0,0.0,0,0.00,0,0,0,0,0,0,0,0,1.0
TF,BEDRK,33.84811389,-84.18109722,0, ,0.0,0.0,0,0.00,0,0,0,0,0,0,0,0,1.0
TF,RBEKA,33.93580556,-84.27377222,0, ,0.0,0.0,0,0.00,0,0,0,1,250,0,0,0,1.0
TF,SUMMT,34.28472222,-84.28252222,0, ,0.0,0.0,0,0.00,0,0,0,0,0,0,0,0,1.0

SID,SUMMT6,10,4
VA,0,95,2,1527,0,0,0,0,0,0,
DF,PICKT,33.63373889,-84.23921944,0, ,0.0,0.0,0,0,0,0,0,0,0,0,1.0
TF,RONII,33.68486667,-84.17909167,0, ,0.0,0.0,0,0.00,0,0,0,0,0,0,0,0,1.0
TF,BEDRK,33.84811389,-84.18109722,0, ,0.0,0.0,0,0.00,0,0,0,0,0,0,0,0,1.0
TF,RBEKA,33.93580556,-84.27377222,0, ,0.0,0.0,0,0.00,0,0,0,1,250,0,0,0,1.0
TF,SUMMT,34.28472222,-84.28252222,0, ,0.0,0.0,0,0.00,0,0,0,0,0,0,0,0,1.0

SID,SUMMT6,26L,4
VI,0, ,0,275,0,0,0,0,0,0,0,0,
CF,MPASS,33.69303889,-84.58203056,0,ATL,302.9,8.3,300,6.60,0,0,0,0,0,0,0,0,1.0
TF,ZELAN,33.81127778,-84.58069444,0, ,0.0,0.0,0,0.00,0,0,0,1,250,0,0,0,1.0
TF,FANEL,33.94002500,-84.39930833,0, ,0.0,0.0,0,0.00,0,0,0,0,0,0,0,0,1.0
TF,SUMMT,34.28472222,-84.28252222,0, ,0.0,0.0,0,0.00,0,0,0,0,0,0,0,0,1.0

SID,SUMMT6,26R,4
VI,0, ,0,275,0,0,0,0,0,0,0,0,
CF,MPASS,33.69303889,-84.58203056,0,ATL,302.9,8.3,299,6.50,0,0,0,0,0,0,0,0,1.0
TF,ZELAN,33.81127778,-84.58069444,0, ,0.0,0.0,0,0.00,0,0,0,1,250,0,0,0,1.0
TF,FANEL,33.94002500,-84.39930833,0, ,0.0,0.0,0,0.00,0,0,0,0,0,0,0,0,1.0
TF,SUMMT,34.28472222,-84.28252222,0, ,0.0,0.0,0,0.00,0,0,0,0,0,0,0,0,1.0

SID,SUMMT6,27L,4
VA,0,275,2,1527,0,0,0,0,0,0,
DF,CPARK,33.63468333,-84.51258611,0, ,0.0,0.0,0,0,0,0,0,0,0,0,1.0
TF,MPASS,33.69303889,-84.58203056,0, ,0.0,0.0,0,0.00,0,0,0,0,0,0,0,0,1.0
TF,ZELAN,33.81127778,-84.58069444,0, ,0.0,0.0,0,0.00,0,0,0,1,250,0,0,0,1.0
TF,FANEL,33.94002500,-84.39930833,0, ,0.0,0.0,0,0.00,0,0,0,0,0,0,0,0,1.0
TF,SUMMT,34.28472222,-84.28252222,0, ,0.0,0.0,0,0.00,0,0,0,0,0,0,0,0,1.0

SID,SUMMT6,27R,4
VA,0,275,2,1527,0,0,0,0,0,0,
DF,CPARK,33.63468333,-84.51258611,0, ,0.0,0.0,0,0,0,0,0,0,0,0,1.0
TF,MPASS,33.69303889,-84.58203056,0, ,0.0,0.0,0,0.00,0,0,0,0,0,0,0,0,1.0
TF,ZELAN,33.81127778,-84.58069444,0, ,0.0,0.0,0,0.00,0,0,0,1,250,0,0,0,1.0
TF,FANEL,33.94002500,-84.39930833,0, ,0.0,0.0,0,0.00,0,0,0,0,0,0,0,0,1.0
TF,SUMMT,34.28472222,-84.28252222,0, ,0.0,0.0,0,0.00,0,0,0,0,0,0,0,0,1.0

SID,SUMMT6,28,4
VA,0,275,2,1527,0,0,0,0,0,0,
DF,CPARK,33.63468333,-84.51258611,0, ,0.0,0.0,0,0,0,0,0,0,0,0,1.0
TF,MPASS,33.69303889,-84.58203056,0, ,0.0,0.0,0,0.00,0,0,0,0,0,0,0,0,1.0
TF,ZELAN,33.81127778,-84.58069444,0, ,0.0,0.0,0,0.00,0,0,0,1,250,0,0,0,1.0
TF,FANEL,33.94002500,-84.39930833,0, ,0.0,0.0,0,0.00,0,0,0,0,0,0,0,0,1.0
TF,SUMMT,34.28472222,-84.28252222,0, ,0.0,0.0,0,0.00,0,0,0,0,0,0,0,0,1.0

SID,SUMMT6,VXV,6
IF,SUMMT,34.28472222,-84.28252222, ,0.0,0.0,0,0,0,0,0,0,0,0,
TF,ZELLE,34.76809444,-84.16849444,0, ,0.0,0.0,0,0.00,0,0,0,0,0,0,0,0,1.0
TF,GOVNR,34.94518611,-84.12637778,0, ,0.0,0.0,0,0.00,0,0,0,0,0,0,0,0,1.0
TF,VXV,35.90483889,-83.89472778,0, ,0.0,0.0,0,0.00,0,0,0,0,0,0,0,0,1.0

SID,THRSR7,08L,4
VA,0,95,2,1527,0,0,0,0,0,0,
DF,SKNNR,33.63364722,-84.34311667,0, ,0.0,0.0,0,0,0,0,0,0,0,0,1.0
TF,GRITZ,33.60214444,-84.27633611,0, ,0.0,0.0,0,0.00,0,0,0,0,0,0,0,0,1.0
TF,HYZMN,33.45698611,-84.27638889,0, ,0.0,0.0,0,0.00,0,0,0,1,250,0,0,0,1.0
TF,THRSR,32.96124167,-84.42138333,0, ,0.0,0.0,0,0.00,0,0,0,0,0,0,0,0,1.0

SID,THRSR7,08R,4
VA,0,95,2,1527,0,0,0,0,0,0,
DF,SKNNR,33.63364722,-84.34311667,0, ,0.0,0.0,0,0,0,0,0,0,0,0,1.0
TF,GRITZ,33.60214444,-84.27633611,0, ,0.0,0.0,0,0.00,0,0,0,0,0,0,0,0,1.0
TF,HYZMN,33.45698611,-84.27638889,0, ,0.0,0.0,0,0.00,0,0,0,1,250,0,0,0,1.0
TF,THRSR,32.96124167,-84.42138333,0, ,0.0,0.0,0,0.00,0,0,0,0,0,0,0,0,1.0

SID,THRSR7,09L,4
VI,0, ,0,95,0,0,0,0,0,0,0,0,
CF,GRITZ,33.60214444,-84.27633611,0,ATL,106.2,8.1,114,5.90,0,0,0,0,0,0,0,0,1.0
TF,HYZMN,33.45698611,-84.27638889,0, ,0.0,0.0,0,0.00,0,0,0,1,250,0,0,0,1.0
TF,THRSR,32.96124167,-84.42138333,0, ,0.0,0.0,0,0.00,0,0,0,0,0,0,0,0,1.0

SID,THRSR7,09R,4
VI,0, ,0,95,0,0,0,0,0,0,0,0,
CF,GRITZ,33.60214444,-84.27633611,0,ATL,106.2,8.1,111,6.30,0,0,0,0,0,0,0,0,1.0
TF,HYZMN,33.45698611,-84.27638889,0, ,0.0,0.0,0,0.00,0,0,0,1,250,0,0,0,1.0
TF,THRSR,32.96124167,-84.42138333,0, ,0.0,0.0,0,0.00,0,0,0,0,0,0,0,0,1.0

SID,THRSR7,10,4
VI,0, ,0,95,0,0,0,0,0,0,0,0,
CF,GRITZ,33.60214444,-84.27633611,0,ATL,106.2,8.1,105,6.10,0,0,0,0,0,0,0,0,1.0
TF,HYZMN,33.45698611,-84.27638889,0, ,0.0,0.0,0,0.00,0,0,0,1,250,0,0,0,1.0
TF,THRSR,32.96124167,-84.42138333,0, ,0.0,0.0,0,0.00,0,0,0,0,0,0,0,0,1.0

SID,THRSR7,26L,4
VI,0, ,0,275,0,0,0,0,0,0,0,0,
CF,SNUFY,33.67005000,-84.58322222,0,ATL,293.7,7.8,288,6.20,0,0,0,0,0,0,0,0,1.0
TF,SLAWW,33.63453611,-84.65760556,0, ,0.0,0.0,0,0.00,0,0,0,0,0,0,0,0,1.0
TF,RIGGZ,33.57675556,-84.69745833,0, ,0.0,0.0,0,0.00,0,0,0,0,0,0,0,0,1.0
TF,STYLZ,33.39211111,-84.68018333,0, ,0.0,0.0,0,0.00,0,0,0,1,250,0,0,0,1.0
TF,THRSR,32.96124167,-84.42138333,0, ,0.0,0.0,0,0.00,0,0,0,0,0,0,0,0,1.0

SID,THRSR7,26R,4
VI,0, ,0,275,0,0,0,0,0,0,0,0,
CF,SNUFY,33.67005000,-84.58322222,0,ATL,293.7,7.8,287,6.20,0,0,0,0,0,0,0,0,1.0
TF,SLAWW,33.63453611,-84.65760556,0, ,0.0,0.0,0,0.00,0,0,0,0,0,0,0,0,1.0
TF,RIGGZ,33.57675556,-84.69745833,0, ,0.0,0.0,0,0.00,0,0,0,0,0,0,0,0,1.0
TF,STYLZ,33.39211111,-84.68018333,0, ,0.0,0.0,0,0.00,0,0,0,1,250,0,0,0,1.0
TF,THRSR,32.96124167,-84.42138333,0, ,0.0,0.0,0,0.00,0,0,0,0,0,0,0,0,1.0

SID,THRSR7,27L,4
VA,0,275,2,1527,0,0,0,0,0,0,
DF,SLAWW,33.63453611,-84.65760556,0, ,0.0,0.0,0,0,0,0,0,0,0,0,1.0
TF,RIGGZ,33.57675556,-84.69745833,0, ,0.0,0.0,0,0.00,0,0,0,0,0,0,0,0,1.0
TF,STYLZ,33.39211111,-84.68018333,0, ,0.0,0.0,0,0.00,0,0,0,1,250,0,0,0,1.0
TF,THRSR,32.96124167,-84.42138333,0, ,0.0,0.0,0,0.00,0,0,0,0,0,0,0,0,1.0

SID,THRSR7,27R,4
VA,0,275,2,1527,0,0,0,0,0,0,
DF,SLAWW,33.63453611,-84.65760556,0, ,0.0,0.0,0,0,0,0,0,0,0,0,1.0
TF,RIGGZ,33.57675556,-84.69745833,0, ,0.0,0.0,0,0.00,0,0,0,0,0,0,0,0,1.0
TF,STYLZ,33.39211111,-84.68018333,0, ,0.0,0.0,0,0.00,0,0,0,1,250,0,0,0,1.0
TF,THRSR,32.96124167,-84.42138333,0, ,0.0,0.0,0,0.00,0,0,0,0,0,0,0,0,1.0

SID,THRSR7,28,4
VI,0, ,0,275,0,0,0,0,0,0,0,0,
CF,WLSON,33.57397500,-84.58462500,0,ATL,251.4,8.2,249,6.40,0,0,0,0,0,0,0,0,1.0
TF,ZALLE,33.45709167,-84.58449444,0, ,0.0,0.0,0,0.00,0,0,0,1,250,0,0,0,1.0
TF,THRSR,32.96124167,-84.42138333,0, ,0.0,0.0,0,0.00,0,0,0,0,0,0,0,0,1.0

SID,THRSR7,LUCKK,6
IF,THRSR,32.96124167,-84.42138333, ,0.0,0.0,0,0,0,0,0,0,0,0,
TF,LUCKK,32.30034722,-84.40813889,0, ,0.0,0.0,0,0.00,0,0,0,0,0,0,0,0,1.0

SID,UGAAA4,08L,4
VI,0, ,0,95,0,0,0,0,0,0,0,0,
CF,RONII,33.68486667,-84.17909167,0,ATL,80.1,13.2,83,10.70,0,0,0,0,0,0,0,0,1.0
TF,IGEBE,33.73305000,-84.03723889,0, ,0.0,0.0,0,0.00,0,0,0,0,0,0,0,0,1.0
TF,UGAAA,33.80098611,-83.66279444,0, ,0.0,0.0,0,0.00,0,0,0,0,0,0,0,0,1.0

SID,UGAAA4,08R,4
VI,0, ,0,95,0,0,0,0,0,0,0,0,
CF,RONII,33.68486667,-84.17909167,0,ATL,80.1,13.2,82,10.50,0,0,0,0,0,0,0,0,1.0
TF,IGEBE,33.73305000,-84.03723889,0, ,0.0,0.0,0,0.00,0,0,0,0,0,0,0,0,1.0
TF,UGAAA,33.80098611,-83.66279444,0, ,0.0,0.0,0,0.00,0,0,0,0,0,0,0,0,1.0

SID,UGAAA4,09L,4
VA,0,95,2,1527,0,0,0,0,0,0,
DF,LIDAS,33.63363611,-84.26920278,0, ,0.0,0.0,0,0,0,0,0,0,0,0,1.0
TF,ERWIN,33.63416667,-84.10055556,0, ,0.0,0.0,0,0.00,0,0,0,0,0,0,0,0,1.0
TF,UGAAA,33.80098611,-83.66279444,0, ,0.0,0.0,0,0.00,0,0,0,0,0,0,0,0,1.0

SID,UGAAA4,09R,4
VA,0,95,2,1527,0,0,0,0,0,0,
DF,LIDAS,33.63363611,-84.26920278,0, ,0.0,0.0,0,0,0,0,0,0,0,0,1.0
TF,ERWIN,33.63416667,-84.10055556,0, ,0.0,0.0,0,0.00,0,0,0,0,0,0,0,0,1.0
TF,UGAAA,33.80098611,-83.66279444,0, ,0.0,0.0,0,0.00,0,0,0,0,0,0,0,0,1.0

SID,UGAAA4,10,4
VI,0, ,0,95,0,0,0,0,0,0,0,0,
CF,GRITZ,33.60214444,-84.27633611,0,ATL,106.2,8.1,105,6.10,0,0,0,0,0,0,0,0,1.0
TF,DDUBB,33.56702500,-84.08201389,0, ,0.0,0.0,0,0.00,0,0,0,0,0,0,0,0,1.0
TF,UGAAA,33.80098611,-83.66279444,0, ,0.0,0.0,0,0.00,0,0,0,0,0,0,0,0,1.0

SID,UGAAA4,26L,4
VI,0, ,0,275,0,0,0,0,0,0,0,0,
CF,MPASS,33.69303889,-84.58203056,0,ATL,302.9,8.3,300,6.60,0,0,0,0,0,0,0,0,1.0
TF,ZELAN,33.81127778,-84.58069444,0, ,0.0,0.0,0,0.00,0,0,0,1,250,0,0,0,1.0
TF,KLEGG,33.81250833,-84.28000556,0, ,0.0,0.0,0,0.00,0,0,0,0,0,0,0,0,1.0
TF,UGAAA,33.80098611,-83.66279444,0, ,0.0,0.0,0,0.00,0,0,0,0,0,0,0,0,1.0

SID,UGAAA4,26R,4
VI,0, ,0,275,0,0,0,0,0,0,0,0,
CF,MPASS,33.69303889,-84.58203056,0,ATL,302.9,8.3,299,6.50,0,0,0,0,0,0,0,0,1.0
TF,ZELAN,33.81127778,-84.58069444,0, ,0.0,0.0,0,0.00,0,0,0,1,250,0,0,0,1.0
TF,KLEGG,33.81250833,-84.28000556,0, ,0.0,0.0,0,0.00,0,0,0,0,0,0,0,0,1.0
TF,UGAAA,33.80098611,-83.66279444,0, ,0.0,0.0,0,0.00,0,0,0,0,0,0,0,0,1.0

SID,UGAAA4,27L,4
VI,0, ,0,275,0,0,0,0,0,0,0,0,
CF,FUTBL,33.58815556,-84.58463889,0,ATL,257.1,7.9,251,6.30,0,0,0,0,0,0,0,0,1.0
TF,ZALLE,33.45709167,-84.58449444,0, ,0.0,0.0,0,0.00,0,0,0,1,250,0,0,0,1.0
TF,HYZMN,33.45698611,-84.27638889,0, ,0.0,0.0,0,0.00,0,0,0,0,0,0,0,0,1.0
TF,ESTWU,33.69489444,-84.00003611,0, ,0.0,0.0,0,0.00,0,0,0,0,0,0,0,0,1.0
TF,UGAAA,33.80098611,-83.66279444,0, ,0.0,0.0,0,0.00,0,0,0,0,0,0,0,0,1.0

SID,UGAAA4,27R,4
VI,0, ,0,275,0,0,0,0,0,0,0,0,
CF,FUTBL,33.58815556,-84.58463889,0,ATL,257.1,7.9,249,6.40,0,0,0,0,0,0,0,0,1.0
TF,ZALLE,33.45709167,-84.58449444,0, ,0.0,0.0,0,0.00,0,0,0,1,250,0,0,0,1.0
TF,HYZMN,33.45698611,-84.27638889,0, ,0.0,0.0,0,0.00,0,0,0,0,0,0,0,0,1.0
TF,ESTWU,33.69489444,-84.00003611,0, ,0.0,0.0,0,0.00,0,0,0,0,0,0,0,0,1.0
TF,UGAAA,33.80098611,-83.66279444,0, ,0.0,0.0,0,0.00,0,0,0,0,0,0,0,0,1.0

SID,UGAAA4,28,4
VI,0, ,0,275,0,0,0,0,0,0,0,0,
CF,WLSON,33.57397500,-84.58462500,0,ATL,251.4,8.2,249,6.40,0,0,0,0,0,0,0,0,1.0
TF,ZALLE,33.45709167,-84.58449444,0, ,0.0,0.0,0,0.00,0,0,0,1,250,0,0,0,1.0
TF,HYZMN,33.45698611,-84.27638889,0, ,0.0,0.0,0,0.00,0,0,0,0,0,0,0,0,1.0
TF,ESTWU,33.69489444,-84.00003611,0, ,0.0,0.0,0,0.00,0,0,0,0,0,0,0,0,1.0
TF,UGAAA,33.80098611,-83.66279444,0, ,0.0,0.0,0,0.00,0,0,0,0,0,0,0,0,1.0

SID,UGAAA4,AHN,6
IF,UGAAA,33.80098611,-83.66279444, ,0.0,0.0,0,0,0,0,0,0,0,0,
TF,AHN,33.94759444,-83.32475833,0, ,0.0,0.0,0,0.00,0,0,0,0,0,0,0,0,1.0

STAR,CANUK2,27R,6
IF,SINCA,33.08118889,-83.60486667, ,0.0,0.0,1,12000,0,0,0,0,0,0,
TF,CANUK,33.21695833,-83.80772500, ,0.0,0.0,0,0,0,1,250,0,0,0,
TF,HUSKY,33.33045833,-83.98020833,0, ,0.0,0.0,0,0.00,0,0,0,0,0,0,0,0,1.0
TF,ZAMAS,33.42111111,-84.11750000,0, ,0.0,0.0,0,0.00,0,0,0,0,0,0,0,0,1.0

STAR,DIRTY1,26R,6
IF,ODF,34.69587222,-83.29766111,0, ,0.0,0.0,0,0.00,0,0,0,0,0,0,0,0,
TF,DIRTY,34.08316667,-83.84777778, ,0.0,0.0,1,12000,0,1,250,0,0,0,
TF,HAARY,33.97096111,-83.96818889,0, ,0.0,0.0,0,0.00,0,0,0,0,0,0,0,0,1.0
TF,BAMMM,33.75404167,-83.95910278,0, ,0.0,0.0,0,0.00,2,8000,0,0,0,0,0,0,1.0
TF,YOUYU,33.63387500,-83.99111667,0, ,0.0,0.0,0,0.00,2,7000,0,0,0,0,0,0,1.0
TF,MMCAP,33.63410833,-84.05998333,0, ,0.0,0.0,0,0.00,2,6000,0,0,0,0,0,0,1.0

STAR,ERLIN1,26R,6
IF,RMG,34.16256111,-85.11939722, ,0.0,0.0,1,14000,0,0,0,0,0,0,
TF,ERLIN,34.08720833,-85.02192778, ,0.0,0.0,0,0,0,0,0,0,0,0,
TF,DALAS,33.95225000,-84.84802222,0, ,0.0,0.0,0,0.00,0,0,0,0,0,0,0,0,1.0
TF,STUTZ,33.85500000,-84.72416667,0, ,0.0,0.0,0,0.00,0,0,0,0,0,0,0,0,1.0
TF,NOFIV,33.73025833,-84.56447778,0, ,0.0,0.0,0,0.00,0,0,0,0,0,0,0,0,1.0
TF,FANEW,33.73079444,-84.32761389,0, ,0.0,0.0,0,0.00,0,0,0,0,0,0,0,0,1.0
TF,HAVAD,33.73121389,-84.14396667,0, ,0.0,0.0,0,0.00,0,0,0,0,0,0,0,0,1.0
TF,IGEBE,33.73305000,-84.03723889,0, ,0.0,0.0,0,0.00,0,0,0,0,0,0,0,1,1.0
VM,33.63670000,-84.42786389,0,94,0,0,0,0,0,0,0,0,

STAR,EVULE1,26R,6
IF,SHANE,34.63438889,-83.71655278,0, ,0.0,0.0,0,0.00,0,0,0,0,0,0,0,0,1.0
TF,EVULE,34.17511389,-83.97478611,0, ,0.0,0.0,0,0.00,0,0,0,0,0,0,0,0,1.0
TF,SMELY,33.99999444,-84.09593056,0, ,0.0,0.0,0,0.00,0,0,0,0,0,0,0,0,1.0
TF,BBOBB,33.91650278,-84.09242778,0, ,0.0,0.0,0,0.00,0,0,0,0,0,0,0,1,1.0
FM,BBOBB,33.91650278,-84.09242778,0,ATL,49.6,24.3,183,0,0,0,0,0,0,0,0,

STAR,HERKO7,26R,6
IF,CALCO,34.34525278,-86.01936667,0, ,0.0,1,13000,0.00,0,0,0,0,0,0,0,0,1.0
TF,VIKNN,34.12233056,-85.48834444,0, ,0.0,0.0,0,0.00,0,0,0,0,0,0,0,0,1.0
TF,HERKO,33.96771389,-85.12158333,0, ,0.0,0.0,0,0.00,0,0,0,0,0,0,0,0,1.0
TF,RPTOR,33.87727778,-84.92513056,0, ,0.0,0.0,0,0.00,0,0,0,0,0,0,0,0,1.0
TF,NOTRE,33.73098889,-84.74985000,0, ,0.0,0.0,0,0.00,0,0,0,0,0,0,0,0,1.0
TF,NOFIV,33.73025833,-84.56447778,0, ,0.0,0.0,0,0.00,0,0,0,0,0,0,0,0,1.0
TF,FANEW,33.73079444,-84.32761389,0, ,0.0,0.0,0,0.00,0,0,0,0,0,0,0,0,1.0
TF,HAVAD,33.73121389,-84.14396667,0, ,0.0,0.0,0,0.00,0,0,0,0,0,0,0,0,1.0
TF,IGEBE,33.73305000,-84.03723889,0, ,0.0,0.0,0,0.00,0,0,0,0,0,0,0,1,1.0
VM,33.63670000,-84.42786389,0,94,0,0,0,0,0,0,0,0,

STAR,HONIE9,28,6
IF,LGC,33.04911944,-85.20622222, ,0.0,0.0,1,14000,0,0,0,0,0,0,
TF,HONIE,33.18377778,-85.02860278, ,0.0,0.0,0,0,0,0,0,0,0,0,
TF,TIROE,33.30645278,-84.86603056,0, ,0.0,0.0,0,0.00,0,0,0,0,0,0,0,0,1.0
TF,WOLMN,33.40750000,-84.73027778,0, ,0.0,0.0,0,0.00,0,0,0,0,0,0,0,0,1.0
TF,FOGOG,33.54514444,-84.54688333,0, ,0.0,0.0,0,0.00,0,0,0,0,0,0,0,0,1.0
TF,BOJAA,33.54503056,-84.30743611,0, ,0.0,0.0,0,0.00,0,0,0,0,0,0,0,0,1.0
TF,HEDEG,33.54520556,-84.10708889,0, ,0.0,0.0,0,0.00,0,0,0,0,0,0,0,0,1.0
TF,SOFOR,33.54543333,-84.00338333,0, ,0.0,0.0,0,0.00,0,0,0,0,0,0,0,1,1.0
VM,33.63670000,-84.42786389,0,95,0,0,0,0,0,0,0,0,

APPTR,I26R,26R,ZELOW
IF,ZELOW,33.64895833,-84.01135278, ,0.0,0.0,2,5000,0,0,0,0,0,0,
TF,HAINZ,33.64926667,-84.13034167,0, ,0.0,0.0,0,0.00,2,5000,0,0,0,0,0,0,
CF,BAMBU,33.64940278,-84.20558889,0,IGXZ,95.0,11.8,275,3.80,2,4000,0,0,0,0,0,0,

FINAL,I26R,26R,I,3,110.100,IGXZ,275.00,1,1,3.00
IF,BAMBU,33.64940278,-84.20558889,IGXZ,95.0,11.8,2,4000,0,0,0,0,0,0,
CF,AJAAY,33.64951389,-84.30588611,0,IGXZ,95.0,6.8,275,5.00,1,2700,0,0,0,0,2,0,
CF,RW26R,33.64954167,-84.40945278,0,IGXZ,95.0,1.6,275,5.20,1,1048,0,0,0,0,3,0,
VA,0,275,2,1400,0,0,0,0,0,0,
CF,TROYS,33.87952778,-84.43507222,0,ATL,5.0,15.1,5,13.00,1,3500,0,0,0,0,0,0,
HM,TROYS,33.87952778,-84.43507222,2, ,0.0,0.0,185,60.00,0,0,0,0,0,0,0,0,1,

APPTR,I27R,27R,YOUYU
IF,YOUYU,33.63387500,-83.99111667, ,0.0,0.0,2,7000,0,0,0,0,0,0,
TF,MMCAP,33.63410833,-84.05998333,0, ,0.0,0.0,0,0.00,2,6000,0,0,0,0,0,0,
TF,MAASN,33.63430556,-84.12904722,0, ,0.0,0.0,0,0.00,2,5000,0,0,0,0,0,0,
CF,MRCER,33.63447222,-84.20410278,0,IAFA,95.0,12.3,275,3.80,2,4000,0,0,0,0,0,0,

FINAL,I27R,27R,I,3,111.300,IAFA,275.00,1,1,3.00
IF,MRCER,33.63447222,-84.20410278,IAFA,95.0,12.3,2,4000,0,0,0,0,0,0,
CF,LIAMS,33.63462778,-84.30448333,0,IAFA,95.0,7.3,275,5.00,1,2700,0,0,0,0,2,0,
CF,RW27R,33.63470278,-84.40890833,0,IAFA,95.0,2.1,275,5.20,1,1034,0,0,0,0,3,0,
VA,0,275,2,1400,0,0,0,0,0,0,
CF,TEMPO,33.61130278,-85.03863611,0,ATL,273.2,30.2,273,30.00,1,4000,0,0,0,0,0,0,
HM,TEMPO,33.61130278,-85.03863611,2, ,0.0,0.0,93,60.00,0,0,0,0,0,0,0,0,1,

APPTR,I28,28,TERII
IF,TERII,33.47635000,-83.95259444, ,0.0,0.0,0,0,0,0,0,0,0,0,
TF,JOKEY,33.61987500,-84.06245000,0, ,0.0,0.0,0,0.00,0,0,0,0,0,0,0,0,
CF,JOBHB,33.62017500,-84.21474167,0,IPKU,95.0,11.8,275,7.60,2,4000,0,0,0,0,0,0,

FINAL,I28,28,I,3,111.750,IPKU,275.00,2,1,3.00
IF,JOBHB,33.62017500,-84.21474167,IPKU,95.0,11.8,2,4000,0,0,0,0,0,0,
CF,JUBBA,33.62026944,-84.31507778,0,IPKU,95.0,6.8,275,5.00,1,2700,0,0,0,0,2,0,
CF,RW28,33.62028333,-84.41831667,0,IPKU,95.0,1.7,275,5.20,1,1053,0,0,0,0,3,0,
VA,0,275,2,1400,0,0,0,0,0,0,
CF,SCARR,33.37863889,-84.43506944,0,ATL,185.0,15.0,185,14.00,1,3000,0,0,0,0,0,0,
HM,SCARR,33.37863889,-84.43506944,2, ,0.0,0.0,5,60.00,0,0,0,0,0,0,0,0,1,

APPTR,L26R,26R,ZELOW
IF,ZELOW,33.64895833,-84.01135278, ,0.0,0.0,2,5000,0,0,0,0,0,0,
TF,HAINZ,33.64926667,-84.13034167,0, ,0.0,0.0,0,0.00,2,5000,0,0,0,0,0,0,
CF,BAMBU,33.64940278,-84.20558889,0,IGXZ,95.0,11.8,275,3.80,2,4000,0,0,0,0,0,0,

FINAL,L26R,26R,L,3,110.100,IGXZ,275.00,1,1,3.00
IF,BAMBU,33.64940278,-84.20558889,IGXZ,95.0,11.8,2,4000,0,0,0,0,0,0,
CF,AJAAY,33.64951389,-84.30588611,0,IGXZ,95.0,6.8,275,5.00,2,2700,0,0,0,0,2,0,
CF,RW26R,33.64954167,-84.40945278,0,IGXZ,95.0,1.6,275,5.20,1,1040,0,0,0,0,3,0,
VA,0,275,2,1400,0,0,0,0,0,0,
CF,TROYS,33.87952778,-84.43507222,0,ATL,5.0,15.1,5,13.00,1,3500,0,0,0,0,0,0,
HM,TROYS,33.87952778,-84.43507222,2, ,0.0,0.0,185,60.00,0,0,0,0,0,0,0,0,1,

APPTR,L27R,27R,YOUYU
IF,YOUYU,33.63387500,-83.99111667, ,0.0,0.0,2,7000,0,0,0,0,0,0,
TF,MMCAP,33.63410833,-84.05998333,0, ,0.0,0.0,0,0.00,2,6000,0,0,0,0,0,0,
TF,MAASN,33.63430556,-84.12904722,0, ,0.0,0.0,0,0.00,2,5000,0,0,0,0,0,0,
CF,MRCER,33.63447222,-84.20410278,0,IAFA,95.0,12.3,275,3.80,2,4000,0,0,0,0,0,0,

FINAL,L27R,27R,L,3,111.300,IAFA,275.00,1,1,3.00
IF,MRCER,33.63447222,-84.20410278,IAFA,95.0,12.3,2,4000,0,0,0,0,0,0,
CF,LIAMS,33.63462778,-84.30448333,0,IAFA,95.0,7.3,275,5.00,2,2700,0,0,0,0,2,0,
CF,RW27R,33.63470278,-84.40890833,0,IAFA,95.0,2.1,275,5.20,1,1028,0,0,0,0,3,0,
VA,0,275,2,1400,0,0,0,0,0,0,
CF,TEMPO,33.61130278,-85.03863611,0,ATL,273.2,30.2,273,30.00,1,4000,0,0,0,0,0,0,
HM,TEMPO,33.61130278,-85.03863611,2, ,0.0,0.0,93,60.00,0,0,0,0,0,0,0,0,1,

APPTR,L28,28,TERII
IF,TERII,33.47635000,-83.95259444, ,0.0,0.0,0,0,0,0,0,0,0,0,
TF,JOKEY,33.61987500,-84.06245000,0, ,0.0,0.0,0,0.00,0,0,0,0,0,0,0,0,
CF,JOBHB,33.62017500,-84.21474167,0,IPKU,95.0,11.8,275,7.60,2,4000,0,0,0,0,0,0,

FINAL,L28,28,L,3,111.750,IPKU,275.00,2,1,3.00
IF,JOBHB,33.62017500,-84.21474167,IPKU,95.0,11.8,2,4000,0,0,0,0,0,0,
CF,JUBBA,33.62026944,-84.31507778,0,IPKU,95.0,6.8,275,5.00,2,2700,0,0,0,0,2,0,
CF,RW28,33.62028333,-84.41831667,0,IPKU,95.0,1.7,275,5.20,1,1048,0,0,0,0,3,0,
VA,0,275,2,1400,0,0,0,0,0,0,
CF,SCARR,33.37863889,-84.43506944,0,ATL,185.0,15.0,185,14.00,1,3000,0,0,0,0,0,0,
HM,SCARR,33.37863889,-84.43506944,2, ,0.0,0.0,5,60.00,0,0,0,0,0,0,0,0,1,

APPTR,R26RY,26R,ZELOW
IF,ZELOW,33.64895833,-84.01135278, ,0.0,0.0,2,5000,0,0,0,0,0,0,
TF,HAINZ,33.64926667,-84.13034167,0, ,0.0,0.0,0,0.00,2,5000,0,0,0,0,0,0,1.0
TF,BAMBU,33.64940278,-84.20558889,0, ,0.0,0.0,0,0.00,2,4000,0,0,0,0,0,0,5.1

FINAL,R26RY,26R,R,3,0, ,0,0,0,0
IF,BAMBU,33.64940278,-84.20558889, ,0.0,0.0,2,4000,0,0,0,0,0,0,
TF,AJAAY,33.64951389,-84.30588611,0, ,0.0,0.0,0,0.00,2,2700,0,0,0,0,2,0,5.1
TF,RW26R,33.64954167,-84.40945278,0, ,0.0,0.0,0,0.00,1,1048,0,0,0,0,3,1,3.1
CA,0,275,2,1500,0,0,0,0,0,0,1.0
DF,TROYS,33.87952778,-84.43507222,2, ,0.0,0.0,1,3500,0,0,0,0,0,1,1.0
HM,TROYS,33.87952778,-84.43507222,2, ,0.0,0.0,185,4.00,0,0,0,0,0,0,0,0,0,

APPTR,R26RZ,26R,KYMMY
IF,KYMMY,33.73308056,-84.13879722, ,0.0,0.0,0,0,0,1,210,0,0,0,
TF,SLIPN,33.73262222,-84.07583056,0, ,0.0,0.0,0,0.00,0,0,0,0,0,0,0,0,1.0
RF,WODEB,33.69087778,-84.02634722,2,CFVVV,185,2.5,1,4000,0,0,0,0,0,0,1.0
RF,TYUSS,33.64913889,-84.07643611,2,CFVVV,275,2.5,2,4000,0,0,0,0,0,0,1.0
TF,BAMBU,33.64940278,-84.20558889,0, ,0.0,0.0,0,0.00,2,4000,0,0,0,0,0,0,1.0

APPTR,R26RZ,26R,SWEPT
IF,SWEPT,33.83157778,-84.11853333, ,0.0,0.0,0,0,0,1,210,0,0,0,
TF,AAWAY,33.77867222,-84.12509722,0, ,0.0,0.0,0,0.00,2,6000,0,0,0,0,0,0,1.0
RF,SLIPN,33.73262222,-84.07583056,1,CFVVW,95,2.5,0,0,0,0,0,0,0,0,1.0
RF,WODEB,33.69087778,-84.02634722,2,CFVVV,185,2.5,1,4000,0,0,0,0,0,0,1.0
RF,TYUSS,33.64913889,-84.07643611,2,CFVVV,275,2.5,2,4000,0,0,0,0,0,0,1.0
TF,BAMBU,33.64940278,-84.20558889,0, ,0.0,0.0,0,0.00,2,4000,0,0,0,0,0,0,1.0

APPTR,R26RZ,26R,TYUSS
IF,TYUSS,33.64913889,-84.07643611, ,0.0,0.0,2,4000,0,0,0,0,0,0,
TF,BAMBU,33.64940278,-84.20558889,0, ,0.0,0.0,0,0.00,2,4000,0,0,0,0,0,0,1.0

FINAL,R26RZ,26R,R,3,0, ,0,0,0,0
IF,BAMBU,33.64940278,-84.20558889, ,0.0,0.0,2,4000,0,0,0,0,0,0,
TF,AJAAY,33.64951389,-84.30588611,0, ,0.0,0.0,0,0.00,2,2700,0,0,0,0,2,0,1.0
TF,RW26R,33.64954167,-84.40945278,0, ,0.0,0.0,0,0.00,1,1048,0,0,0,0,3,1,3.1
CA,0,275,2,1500,0,0,0,0,0,0,1.0
DF,TROYS,33.87952778,-84.43507222,0, ,0.0,0.0,1,3500,0,0,0,0,0,1,1.0
HM,TROYS,33.87952778,-84.43507222,2, ,0.0,0.0,185,4.00,0,0,0,0,0,0,0,0,0,

APPTR,R27RY,27R,YOUYU
IF,YOUYU,33.63387500,-83.99111667, ,0.0,0.0,2,7000,0,0,0,0,0,0,
TF,MMCAP,33.63410833,-84.05998333,0, ,0.0,0.0,0,0.00,2,6000,0,0,0,0,0,0,1.0
TF,MAASN,33.63430556,-84.12904722,0, ,0.0,0.0,0,0.00,2,5000,0,0,0,0,0,0,1.0
TF,MRCER,33.63447222,-84.20410278,0, ,0.0,0.0,0,0.00,2,4000,0,0,0,0,0,0,5.1

FINAL,R27RY,27R,R,3,0, ,0,0,0,0
IF,MRCER,33.63447222,-84.20410278, ,0.0,0.0,2,4000,0,0,0,0,0,0,
TF,LIAMS,33.63462778,-84.30448333,0, ,0.0,0.0,0,0.00,2,2700,0,0,0,0,2,0,5.1
TF,RW27R,33.63470278,-84.40890833,0, ,0.0,0.0,0,0.00,1,1034,0,0,0,0,3,1,3.1
DF,ROTLE,33.63467500,-84.53266944,0, ,0.0,0.0,2,1426,0,0,0,0,0,0,1.0
TF,TEMPO,33.61130278,-85.03863611,0, ,0.0,0.0,0,0.00,1,4000,0,0,0,0,0,1,1.0
HM,TEMPO,33.61130278,-85.03863611,2, ,0.0,0.0,93,4.00,0,0,0,0,0,0,0,0,0,

APPTR,R27RZ,27R,YOUYU
IF,YOUYU,33.63387500,-83.99111667, ,0.0,0.0,2,7000,0,0,0,0,0,0,
TF,MMCAP,33.63410833,-84.05998333,0, ,0.0,0.0,0,0.00,2,6000,0,0,0,0,0,0,1.0
TF,MAASN,33.63430556,-84.12904722,0, ,0.0,0.0,0,0.00,2,5000,0,0,0,0,0,0,1.0
TF,MRCER,33.63447222,-84.20410278,0, ,0.0,0.0,0,0.00,2,4000,0,0,0,0,0,0,1.0

FINAL,R27RZ,27R,R,3,0, ,0,0,0,0
IF,MRCER,33.63447222,-84.20410278, ,0.0,0.0,2,4000,0,0,0,0,0,0,
TF,LIAMS,33.63462778,-84.30448333,0, ,0.0,0.0,0,0.00,2,2700,0,0,0,0,2,0,1.0
TF,RW27R,33.63470278,-84.40890833,0, ,0.0,0.0,0,0.00,1,1034,0,0,0,0,3,1,3.1
TF,ROTLE,33.63467500,-84.53266944,0, ,0.0,0.0,0,0.00,2,1426,0,0,0,0,0,0,1.0
TF,TEMPO,33.61130278,-85.03863611,0, ,0.0,0.0,0,0.00,1,4000,0,0,0,0,0,1,1.0
HM,TEMPO,33.61130278,-85.03863611,2, ,0.0,0.0,93,4.00,0,0,0,0,0,0,0,0,0,

APPTR,R28-Y,28,JOKEY
IF,JOKEY,33.61987500,-84.06245000, ,0.0,0.0,2,4000,0,0,0,0,0,0,
TF,JOBHB,33.62017500,-84.21474167,0, ,0.0,0.0,0,0.00,2,4000,0,0,0,0,0,0,1.0

APPTR,R28-Y,28,TERII
IF,TERII,33.47635000,-83.95259444, ,0.0,0.0,0,0,0,0,0,0,0,0,
TF,JOKEY,33.61987500,-84.06245000,0, ,0.0,0.0,0,0.00,2,4000,0,0,0,0,0,0,1.0
TF,JOBHB,33.62017500,-84.21474167,0, ,0.0,0.0,0,0.00,2,4000,0,0,0,0,0,0,1.0

FINAL,R28-Y,28,R,3,0, ,0,0,0,0
IF,JOBHB,33.62017500,-84.21474167, ,0.0,0.0,2,4000,0,0,0,0,0,0,
TF,JUBBA,33.62026944,-84.31507778,0, ,0.0,0.0,0,0.00,2,2700,0,0,0,0,2,0,5.1
TF,RW28,33.62028333,-84.41831667,0, ,0.0,0.0,0,0.00,1,1053,0,0,0,0,3,1,3.1
CA,0,275,2,1500,0,0,0,0,0,0,1.0
DF,SCARR,33.37863889,-84.43506944,1, ,0.0,0.0,1,3000,0,0,0,0,0,1,1.0
HM,SCARR,33.37863889,-84.43506944,2, ,0.0,0.0,5,4.00,0,0,0,0,0,0,0,0,0,

APPTR,R28-Z,28,CCROW
IF,CCROW,33.52782500,-84.03266667, ,0.0,0.0,0,0,0,1,210,0,0,0,
TF,RELIC,33.57801667,-84.03256111,0, ,0.0,0.0,0,0.00,1,3000,0,0,0,0,0,0,1.0
RF,PIITT,33.61992500,-84.08240833,1,CFVVX,275,2.5,0,0,0,0,0,0,0,0,1.0
TF,JAYAA,33.62006111,-84.14444167,0, ,0.0,0.0,0,0.00,2,3000,0,0,0,0,0,0,1.0
TF,JOBHB,33.62017500,-84.21474167,0, ,0.0,0.0,0,0.00,2,3000,0,0,0,0,0,0,1.0

APPTR,R28-Z,28,KRRIS
IF,KRRIS,33.53696111,-84.20692778, ,0.0,0.0,0,0,0,1,210,0,0,0,
TF,BUETY,33.53655000,-84.14501667,0, ,0.0,0.0,0,0.00,0,0,0,0,0,0,0,0,1.0
RF,VOCAL,33.57835556,-84.09469444,1,CFVVZ,5,2.5,1,3000,0,0,0,0,0,0,1.0
RF,JAYAA,33.62006111,-84.14444167,1,CFVVZ,275,2.5,2,3000,0,0,0,0,0,0,1.0
TF,JOBHB,33.62017500,-84.21474167,0, ,0.0,0.0,0,0.00,2,3000,0,0,0,0,0,0,1.0

APPTR,R28-Z,28,PIITT
IF,PIITT,33.61992500,-84.08240833, ,0.0,0.0,0,0,0,0,0,0,0,0,
TF,JAYAA,33.62006111,-84.14444167,0, ,0.0,0.0,0,0.00,2,3000,0,0,0,0,0,0,1.0
TF,JOBHB,33.62017500,-84.21474167,0, ,0.0,0.0,0,0.00,2,3000,0,0,0,0,0,0,1.0

FINAL,R28-Z,28,R,3,0, ,0,0,0,0
IF,JOBHB,33.62017500,-84.21474167, ,0.0,0.0,2,3000,0,0,0,0,0,0,
TF,JUBBA,33.62026944,-84.31507778,0, ,0.0,0.0,0,0.00,2,2700,0,0,0,0,2,0,1.0
TF,RW28,33.62028333,-84.41831667,0, ,0.0,0.0,0,0.00,1,1053,0,0,0,0,3,1,3.1
CA,0,275,2,1500,0,0,0,0,0,0,1.0
DF,SCARR,33.37863889,-84.43506944,1, ,0.0,0.0,1,3000,0,0,0,0,0,1,1.0
HM,SCARR,33.37863889,-84.43506944,2, ,0.0,0.0,5,4.00,0,0,0,0,0,0,0,0,0,

P,A1,33.63764,-84.43887,,,
P,A10,33.63905,-84.43951,,,
P,A11,33.63958,-84.43884,,,
P,A12,33.63953,-84.43951,,,
P,A13,33.64005,-84.43884,,,
P,A14,33.63983,-84.43951,,,
P,A15,33.64022,-84.43879,,,
P,A16,33.64003,-84.43951,,,
P,A17,33.64053,-84.43884,,,
P,A18,33.64050,-84.43951,,,
P,A19,33.64119,-84.43884,,,
P,A2,33.63761,-84.43951,,,
P,A20,33.64119,-84.43951,,,
P,A21,33.64169,-84.43884,,,
P,A22,33.64150,-84.43951,,,
P,A23,33.64189,-84.43884,,,
P,A24,33.64169,-84.43951,,,
P,A25,33.64219,-84.43884,,,
P,A26,33.64216,-84.43951,,,
P,A27,33.64266,-84.43884,,,
P,A28,33.64264,-84.43951,,,
P,A29,33.64316,-84.43884,,,
P,A3,33.63814,-84.43884,,,
P,A30,33.64294,-84.43951,,,
P,A31,33.64336,-84.43884,,,
P,A32,33.64311,-84.43951,,,
P,A33,33.64366,-84.43884,,,
P,A34,33.64361,-84.43951,,,
P,A4,33.63808,-84.43951,,,
P,A5,33.63861,-84.43884,,,
P,A6,33.63839,-84.43951,,,
P,A7,33.63878,-84.43879,,,
P,A8,33.63858,-84.43951,,,
P,A9,33.63908,-84.43884,,,
P,B1,33.63764,-84.43551,,,
P,B10,33.63903,-84.43623,,,
P,B11,33.63941,-84.43554,,,
P,B12,33.63933,-84.43623,,,
P,B13,33.63983,-84.43554,,,
P,B14,33.63950,-84.43623,,,
P,B15,33.64008,-84.43554,,,
P,B16,33.63997,-84.43623,,,
P,B17,33.64033,-84.43554,,,
P,B2,33.63758,-84.43623,,,
P,B3,33.63772,-84.43554,,,
P,B4,33.63789,-84.43623,,,
P,B5,33.63850,-84.43554,,,
P,B6,33.63805,-84.43623,,,
P,B7,33.63866,-84.43554,,,
P,B8,33.63853,-84.43623,,,
P,B9,33.63897,-84.43554,,,
P,D12,33.63844,-84.42993,,,
P,D2,33.63678,-84.42993,,,
P,D8,33.63844,-84.42993,,,
P,E10,33.63833,-84.42500,,,
P,E11,33.64000,-84.42500,,,
P,E12,33.64000,-84.42500,,,
P,E14,33.64000,-84.42500,,,
P,E15,33.64000,-84.42333,,,
P,E16,33.64000,-84.42333,,,
P,E17,33.64000,-84.42333,,,
P,E18,33.64000,-84.42333,,,
P,E26,33.64167,-84.42667,,,
P,E27,33.64167,-84.42500,,,
P,E28,33.64167,-84.42500,,,
P,E29,33.64167,-84.42500,,,
P,E3,33.63833,-84.42500,,,
P,E30,33.64167,-84.42500,,,
P,E31,33.64167,-84.42500,,,
P,E32,33.64167,-84.42500,,,
P,E32A,33.64333,-84.42667,,,
P,E33,33.64167,-84.42500,,,
P,E3A,33.63667,-84.42500,,,
P,E4,33.63833,-84.42500,,,
P,E5,33.63833,-84.42500,,,
P,E6,33.63833,-84.42500,,,
P,E7,33.63833,-84.42500,,,
P,E8,33.63833,-84.42500,,,
P,E9,33.63833,-84.42500,,,
P,F1,33.63740,-84.41955,,,
P,F10,33.63984,-84.42030,,,
P,F12,33.64040,-84.42033,,,
P,F14,33.64093,-84.42033,,,
P,F2,33.63730,-84.42011,,,
P,F3,33.63807,-84.41953,,,
P,F4,33.63798,-84.42018,,,
P,F5,33.63886,-84.41942,,,
P,F6,33.63862,-84.42018,,,
P,F7,33.63949,-84.41898,,,
P,F8,33.63926,-84.42018,,,
P,F9,33.63993,-84.41852,,,
P,T1,33.63678,-84.44159,,,
P,T10,33.64178,-84.44159,,,
P,T11,33.64136,-84.44206,,,
P,T12,33.64153,-84.44206,,,
P,T13,33.64203,-84.44206,,,
P,T14,33.64261,-84.44206,,,
P,T15,33.64319,-84.44206,,,
P,T16,33.64375,-84.44206,,,
P,T2,33.63678,-84.44159,,,
P,T3,33.63844,-84.44159,,,
P,T4,33.63844,-84.44159,,,
P,T5,33.64344,-84.44159,,,
P,T6,33.64344,-84.44159,,,
P,T7,33.63844,-84.44159,,,
P,T8,33.64011,-84.44159,,,
P,T9,33.64344,-84.44159,,,

M,33.64953,-84.44181,1026,3,IHFW,95.00
M,33.64714,-84.44682,1026,2,IATL,95.00
M,33.63490,-84.45569,1026,2,IHZK,95.00
M,33.63252,-84.53419,1026,1,IHZK,95.00
M,33.63181,-84.45071,1026,3,IFUN,95.00
M,33.63252,-84.54286,1026,1,IFUN,95.00
M,33.62027,-84.45070,0,3,IOMO,95.00
M,33.64682,-84.39544,1026,2,IBRU,275.00
M,33.64545,-84.31108,1026,1,IBRU,275.00
M,33.64899,-84.39913,1026,2,IGXZ,275.00
M,33.64545,-84.31108,1026,1,IGXZ,275.00
M,33.63493,-84.39843,1026,2,IAFA,275.00
M,33.62028,-84.41549,0,3,IPKU,275.00
